1.129035055435577473e+00 -3.690618806791623463e-02
-6.678081506836495151e-01 5.667173392142015320e-01
-2.352962772006199632e-01 1.736637504707273960e+00
3.026410867199719412e+00 2.254794285097577511e+00
1.493982960248728453e+00 4.701741072089841156e-01
4.994929014521209965e-02 7.841947505273361152e-01
2.426886037445199928e+00 3.098729907377222315e+00
3.196611621794130720e+00 2.459160889897360036e+00
-4.687168384415592026e-01 4.437607448229561324e-01
5.068286788812760513e+00 2.562521015123929935e+00
3.990930846604996418e-01 3.182905180771396836e+00
1.142460901623031155e+00 3.472359273037620708e-01
-6.766830740353386719e-01 -3.034910601777023320e-01
1.665326002419787121e+00 1.238006423784674404e+00
-2.677192958302029524e+00 -8.748927833982529378e-01
4.699623921189839848e+00 1.030500843350109497e+00
-3.223401079897505461e-01 -4.854541821259841239e-01
1.662476503618631085e+00 6.002277432403415602e-01
1.603612550566083872e+00 6.305231397807395943e-01
-1.806582597840773463e-01 1.023666868267659069e+00
1.633836161725826353e+00 6.112097631962852828e-01
-1.155399520984308204e-01 2.810514621313108030e+00
2.418993521339480424e+00 9.032802140367643950e-01
2.731364079001425527e+00 -1.734933279883126289e-01
1.316450584275822955e+00 7.060041078099179579e-01
4.548190625113884167e+00 2.427139783087648883e+00
1.411028851001451478e+00 1.933536234496598283e+00
3.371619688438855622e+00 1.941802459138957104e+00
-4.067293371480331210e+00 -9.742608678790745103e-01
-1.461999450175047066e+00 -1.288407289107731390e-01
2.668988231448730541e+00 4.383378641717530222e-01
1.837491577448267854e+00 3.076699285821391516e+00
2.357426591372145275e+00 2.793815090777459709e+00
8.901094964737317206e-01 5.540932033365744136e-01
1.600026856226938854e+00 -1.669519119247298011e-01
-1.593213892460800807e-01 1.006697989902352708e+00
-9.254833483524353976e-01 5.718301139983879011e-01
-5.467594388917780268e-01 1.046680759399534644e+00
3.728054863926191231e+00 2.206703415552630609e+00
9.844829058166997271e-01 3.027897387109919958e+00
1.974375288939226314e+00 2.869285465395186918e+00
8.437802773582399052e-01 2.180269042794942269e+00
-1.581768918686556447e+00 1.241218063377252490e+00
-4.353955860872023020e-01 -8.062837329681662446e-01
6.719038138363124801e-01 5.121740534072818374e-01
3.992617671616758290e-01 -1.828991762524536213e+00
1.410858448769764628e+00 -2.749544567477737456e-01
-2.776349946997165308e-01 -1.600463922678680539e+00
-1.829725882482649002e-01 -1.035520910720339138e+00
1.212652358271444575e+00 4.407199807355630661e-01
2.558905801984657558e+00 9.135904925497018159e-01
-1.210068409315386617e+00 7.192803177695110683e-01
3.185662361617961125e+00 1.459896488428259698e+00
1.533952415328642349e+00 1.136327179654959885e+00
5.812421841252282118e-01 2.055007926332637958e+00
4.933714007791156764e-01 5.767856953933478970e-01
1.395114708235325018e+00 1.810680909468131983e+00
3.693154710882551761e+00 1.512234658066651916e+00
9.934422070480745104e-01 7.718963016348374673e-01
-4.056652973319736510e-01 9.343095374029076750e-01
2.161136642743610281e+00 2.854189277239404632e+00
2.453845552065738289e+00 -6.584816323771818247e-01
1.164718899001171426e-01 -1.189046123729091242e+00
1.541292630270010289e+00 2.348951922314429730e+00
3.349392132789523302e+00 1.883337397998454676e+00
3.238960992979275089e-01 8.721931136696614573e-03
1.819173154290174566e+00 1.547727116253280855e+00
3.924396378596924251e+00 2.739090899980110905e+00
2.219248943075385228e+00 -1.894595392858337224e+00
7.049101143652261037e-01 1.494915303430117470e+00
2.121042199412671581e-01 6.772129464721134973e-01
1.490625085075188760e+00 3.022108693955321002e+00
1.732474334046984366e+00 8.879454855548054582e-01
9.060232023084997532e-01 -1.565301771240612538e-02
-6.993969665141319680e-01 6.491687159103658455e-01
-2.103621310964625124e+00 -1.886054852771939849e+00
1.255952453612085851e-01 8.558631761380041114e-01
-9.865333244129135259e-01 -7.800307709309679538e-01
2.155781668651487237e+00 3.252687493041767741e+00
1.808972874720438329e+00 -6.141551706464605243e-01
-1.193963975960672386e+00 3.199465788984364734e-01
2.634083628538206323e-01 -3.147728925607158335e-01
5.347687993344200086e-01 -1.276773888131923496e-01
1.133866368326965635e-01 -5.587758676576370931e-02
2.339778850582304504e+00 4.859631206865711039e-02
3.010103257367449103e+00 2.924214824314187666e+00
1.641864415288113443e+00 7.208217325575924095e-01
6.322911537460446096e-01 -9.042436355831116046e-01
2.196241637981040995e+00 5.123883007638005971e+00
1.138769711162602727e-01 1.204179439259038809e+00
2.881939543497631817e+00 1.563516796347622195e+00
-2.269694370015484797e+00 2.689159391974381696e-01
1.460860828355305951e+00 1.914040431505509510e+00
4.004518028567219945e-01 1.815273870798398859e+00
1.156333137546499579e+00 1.594128220567263110e+00
-3.497227875798070151e-01 -1.601610677113260994e-01
1.397438624599121049e-01 1.810960225954939773e+00
1.500623572130451056e+00 2.528455566945684296e+00
1.235157152326758601e+00 1.448625579361910942e+00
8.173087337879576530e-01 5.299895752409909955e-01
6.755220787652189696e-01 -3.084484197173322784e-01
7.176105634574211356e-01 -4.231704565160889775e-01
8.870732575174729018e-01 3.075290213205005063e+00
-1.200727469168455741e+00 -1.069116439018316989e+00
4.371634994222615145e-01 9.291188295111505457e-01
1.805587167515704472e+00 5.636998340512424654e-01
6.324171586696234471e-01 1.173147157514885297e+00
7.113179284116266654e-01 6.488702649466355776e-01
3.137209781109111972e+00 2.934334517230516859e+00
4.199258171879222346e+00 1.646325021792434562e+00
-3.302613051205856021e-01 -6.415328527030286221e-01
2.781244469028947286e+00 1.083674652361804158e+00
5.850040534137465720e+00 4.603487173012169364e+00
6.651023003951634038e+00 4.359043586635468870e+00
3.812362103740137176e+00 5.609495512827008312e+00
4.912892620500619145e+00 6.280882786806403217e+00
4.037568644028899811e+00 5.036167627262989832e+00
2.128600269591359062e+00 5.012168869575440056e+00
4.714825523087765369e+00 2.846801416039131727e+00
4.182491564900348457e+00 5.015082281894438054e+00
5.001360538846417292e+00 5.515098368041362775e+00
3.711451318906530794e+00 5.978348930640329684e+00
5.407686687378628676e+00 5.601929902215262658e+00
3.681203304659199205e+00 6.500837065567701245e+00
6.451365262372976694e+00 4.604007112577608751e+00
6.202208358880754169e+00 7.814896348582776930e+00
7.250883344962133492e+00 4.753829157197015931e+00
5.964743275949720314e+00 3.133550107487431902e+00
6.563571042059094474e+00 4.473818282905605237e+00
6.481097383294600611e+00 6.282567121617075756e+00
5.187984288749362349e+00 4.942867973260039349e+00
4.453320399539792973e+00 5.704769062622249365e+00
5.430141198708577477e+00 5.339200151123034921e+00
5.352344094343663983e+00 5.577941256238635681e+00
6.342945172212472116e+00 5.308569284811783362e+00
2.575043963407777525e+00 6.329680417457393737e+00
4.602113075140747078e+00 5.377672508336768686e+00
3.455814549526385449e+00 5.074289311796349899e+00
5.794194540639544755e+00 3.247804082612931076e+00
3.647376266404982914e+00 5.309835556289449698e+00
4.325104179540347538e+00 5.541425052829243469e+00
4.515040014973071614e+00 5.851971727714676774e+00
4.091125244921711257e+00 6.150806817423985606e+00
4.280034506173132414e+00 4.799942051231696816e+00
3.217515737835815237e+00 5.705205145378926090e+00
2.762020181700202581e+00 5.809886103627925458e+00
4.778616547362041445e+00 6.080944861424675274e+00
7.296070557091669961e+00 7.357642776589635503e+00
6.237038855617116795e+00 3.975834485840544552e+00
4.228970656601335421e+00 4.852093669430109557e+00
3.087223396963242994e+00 6.222837098986528481e+00
5.795586540038082823e+00 5.032374578630181006e+00
2.582188483636117748e+00 5.929994494267792682e+00
4.525479582992199212e+00 4.539044442390276934e+00
4.687597688905786875e+00 3.002264191333203769e+00
5.900026171600586622e+00 6.094163685547716369e+00
8.673132779263504233e+00 5.706530659292337049e+00
6.111007502185094253e+00 6.198024645117080844e+00
4.809528426939925438e+00 4.400584402964450526e+00
2.622168163597549118e+00 4.012472077254304992e+00
4.617007152155007788e+00 4.927540258828082997e+00
6.108293416497588169e+00 6.519539683915420269e+00
6.536342480930951382e+00 3.987235238053216335e+00
5.186049388827117745e+00 4.016086281865751673e+00
6.538297232070775067e+00 5.299812617493518729e+00
3.860521501489208251e+00 6.563076439711777788e+00
4.878911810082276368e+00 6.564523601286317955e+00
2.757518225102251197e+00 4.919588055211694844e+00
4.390238704678875337e+00 4.211327236556917875e+00
4.527903311487699867e+00 3.808609040768786258e+00
5.218685316514226180e+00 5.003981081488667826e+00
4.042104934942349459e+00 6.608527680679914695e+00
3.171070736795419620e+00 5.864522261774833822e+00
5.135708313883121434e+00 4.562213086617510349e+00
7.679509084332686086e+00 4.397257879580438455e+00
5.925598248419679415e+00 4.364268634460050755e+00
5.211220074039848882e+00 5.563808834229210021e+00
6.295907979009780497e+00 4.710880218742405035e+00
5.277913230999327077e+00 6.138831361298447753e+00
1.962902353407284473e+00 8.076142798062587502e+00
6.989036467368729078e+00 4.294223987326801328e+00
6.506184734831983008e+00 4.680350282866279521e+00
6.266714499708992747e+00 4.857260645821487977e+00
5.390327133606588994e+00 3.675517223626448171e+00
7.755140200870054734e+00 3.593572349259581244e+00
6.520760133625428168e+00 4.664864475143781775e+00
4.285062420867035371e+00 5.170256806039700948e+00
5.854035319746467181e+00 4.016537809430352546e+00
3.664430547763912305e+00 6.782471675030699920e+00
7.244746653870047126e+00 1.886290444552758405e+00
6.689761302274972898e+00 3.321713896609287175e+00
5.337924798650552027e+00 6.424939050095174409e+00
6.080893062815627914e+00 6.056609566211037965e+00
8.329534019759297081e+00 2.059174964914008754e+00
4.926385005238778980e+00 5.555797944171412261e+00
6.412621159279565219e+00 5.775229597383825464e+00
5.371252818979406207e+00 3.916025792154814056e+00
5.006623242721437883e+00 4.559905173972417458e+00
2.994289222718057530e+00 5.874416764570815630e+00
6.141458989043501404e+00 2.588975726710849301e+00
3.052700017810964006e+00 4.963474520781541166e+00
6.587856679351971501e+00 5.048446093967770665e+00
3.424056339844932850e+00 6.165314092942272950e+00
5.652999197889511329e+00 2.124574441273956893e+00
4.317234101244245892e+00 4.983773401625827937e+00
6.451724489763268622e+00 4.136880151739367406e+00
6.998311780685077643e+00 3.583434283933921272e+00
3.565808736481510977e+00 5.705591444478660179e+00
4.141525359142377738e+00 4.474972498393896103e+00
7.599671786521457584e+00 3.944713084880905107e+00
4.250544838662268177e+00 5.000008933645187170e+00
2.561205120864610052e+00 7.353785330314633661e+00
6.295693423181785597e+00 4.173008815444680941e+00
4.984393130331072896e+00 3.243790460864513836e+00
8.454759908012622560e+00 4.893236084381803686e+00
3.510484541610927600e+00 4.816774406223871985e+00
3.970484480517030512e+00 6.562993814954595884e+00
6.133532667810418282e+00 3.609763999719028504e+00
4.811709336381195357e+00 7.222470842104343980e+00
3.397521887941191032e+00 5.926514865703999213e+00
6.027434716944592097e+00 4.387136978979609303e+00
5.530088437638165821e+00 3.432827110205833421e+00
6.381438232004200017e+00 4.421626638180151225e+00
5.557634716159207677e+00 3.882146732127020883e+00
4.054858717680944302e+00 4.954364712447740793e+00
4.071258096035762719e+00 6.574125659182003645e+00
7.312522134472205337e+00 4.714263375638094722e+00
4.951236965326533124e+00 4.800363254022350645e+00
5.274730493098712891e+00 6.764741038307109378e+00
4.561362603753311262e+00 4.183624576650766258e+00
2.060633630717150666e+00 6.368364360504775057e+00
5.977307575471544787e+00 4.980868690325592318e+00
5.063557253152028537e+00 5.975507442625166199e+00
7.181315164180893440e+00 4.173325263753953962e+00
2.572568743432086968e+00 5.588173683753447030e+00
3.609181287208179434e+00 5.403799512420470741e+00
4.256736579255065323e+00 3.298598647073713863e+00
3.736103631548416182e+00 5.445200656313054388e+00
7.470831723959278747e+00 4.461488928590398473e+00
4.218075158430958815e+00 4.609359298899883939e+00
5.536410098881020758e+00 6.689409378287228591e+00
5.560200227127866768e+00 3.996215615840324364e+00
5.255336276462326595e+00 4.667283627352063924e+00
4.322508228452741186e+00 4.502602989439203895e+00
4.690414331327186659e+00 3.393750519726614012e+00
4.364781079193526203e+00 3.700250965551811433e+00
3.503730921842704849e+00 4.046838942173856424e+00
5.472238364682513456e+00 3.955111644016185757e+00
4.866124234965639062e+00 6.828609806962326445e+00
7.193790658052595433e+00 3.762397852014678801e+00
5.604088508198808327e+00 2.163319549549804321e+00
3.429652089209296761e+00 4.475413094860361873e+00
2.912719439216692408e+00 4.471495771344587311e+00
5.722182336510406309e+00 2.896736868355254124e+00
2.978712929002564458e+00 4.685388437635237935e+00
1.687072860081752168e+00 7.297209200094664006e+00
5.273633433990315034e+00 2.967516037523347805e+00
2.889740066009760522e+00 3.310948764543029554e+00
5.761565375192505556e+00 4.871188159271641283e+00
5.415017961637214050e+00 4.773369195177367352e+00
3.927124361667223784e+00 7.055110240857079162e+00
9.210510277209444041e+00 2.549659185712077392e+00
7.761110767478747618e+00 4.263783015903573670e+00
6.833775945562280185e+00 6.444195388359264420e+00
4.716221218869701914e+00 3.622045869392080064e+00
5.934690811451469372e+00 4.232847595340841096e+00
5.079331699458795590e+00 3.787989689403409521e+00
2.280573040778379745e+00 6.234829283316543069e+00
2.708075730243672652e+00 8.100714258843403570e+00
6.713321384537160874e+00 3.681446926596481539e+00
2.739777634477289059e+00 5.759659954386955327e+00
5.216758375817142301e+00 5.893270436019316882e+00
4.690082248959648759e+00 4.017657012452585441e+00
1.487737906718531455e+00 5.509325021226994856e+00
4.301975260479364849e+00 2.857087734726444950e+00
5.680106886656552945e+00 6.167174289137588694e+00
5.819679639760574119e+00 3.704625669523237796e+00
4.072499317984030753e+00 4.851008696637910234e+00
4.027207531096303583e+00 4.156247355618984507e+00
4.788947723066509177e+00 7.110514007109118850e+00
3.138461390025263142e+00 4.219542615054029611e+00
2.751636688749711013e+00 6.201975596198420426e+00
4.022948167622497628e+00 6.125096116243668121e+00
5.176735323852324377e+00 5.446523980244368346e+00
2.151269491693187152e+00 6.255038076290819760e+00
5.776905664442993249e+00 4.858033640777910556e+00
3.272931535990150742e+00 6.291558105055108818e+00
6.888805559073034601e+00 4.596141746832025810e+00
3.305835028575710322e+00 5.593215821978989588e+00
5.588054725304981929e+00 4.506932350657535835e+00
6.539159683633477549e+00 4.352851405167308840e+00
6.009060249179942303e+00 2.344392642089059287e+00
6.002734799151874689e+00 5.246113680848058181e+00
3.119073778382451145e+00 6.773161898875238229e+00
2.790701681254423860e+00 5.474107375664230446e+00
3.994071646017861354e+00 5.364375500005216679e+00
4.500997575646780824e+00 5.077103890369555117e+00
3.132004254484916927e+00 7.904271632584127794e+00
9.880018409373636956e+00 3.978998345990059526e+00
6.328381803508952075e+00 4.483377441712713463e+00
3.619730336455950770e+00 6.634740215384172579e+00
3.005110532213976171e+00 5.566433801416369676e+00
3.642228662012429563e+00 6.985670511491003154e+00
6.131007388502501598e+00 3.054625549731370349e+00
6.140085857291852633e+00 3.690543904432667333e+00
4.861972454578613601e+00 4.481534930823914742e+00
4.269254572800900149e+00 5.712459154151886764e+00
6.272128062872186050e+00 2.694357994285474511e+00
5.493507128084593738e+00 4.855353959588262214e+00
5.834229440785721366e+00 5.973750307637280876e+00
4.792315886687710247e+00 6.353313171354466604e+00
3.962301924321547819e+00 5.619971771073849709e+00
6.741763881356542143e+00 6.131846369559486476e+00
6.041380368598886719e+00 4.885059007395124553e+00
4.021239192172778587e+00 4.777962440656617460e+00
6.230887342016479202e+00 4.437140818455530322e+00
3.912548621722209408e+00 3.714511769904027982e+00
5.808792579855666105e+00 4.228655598203162391e+00
5.547066984044375815e+00 4.721960621299561289e+00
5.547289426666289991e+00 4.593105937151768181e+00
5.816695759048788439e+00 2.820771240971855498e+00
1.583873205603559153e+00 5.507120290155650189e+00
3.991456708251798879e+00 4.692025032833450737e+00
4.449622043574962049e+00 5.819990861565774942e+00
3.001564631991410881e+00 6.397051316207876148e+00
4.043438175354581610e+00 5.630111056745227494e+00
6.016038668222877916e+00 3.495987107646855385e+00
5.808552709228226973e+00 4.126380494783459696e+00
4.685232545506454294e+00 5.608038647095288098e+00
5.403525615916953129e+00 3.612020243417835452e+00
4.083632108784621018e+00 5.545958286547637783e+00
3.907043352727021635e+00 5.754320435557467306e+00
3.409398073169205290e+00 3.582700645783857496e+00
6.928732210653108403e+00 3.735062041210715833e+00
6.574956178471575541e+00 5.002347718888722206e+00
3.142771379733294346e+00 6.063324609139741028e+00
6.783978674524599128e+00 4.600353410211435623e+00
2.887457441064240626e+00 6.049739622610952772e+00
6.307796671401294297e+00 5.385168139355700490e+00
4.589628817804465299e+00 3.825938900098099005e+00
3.147533551616799041e+00 5.165864629754971737e+00
5.841332508290998149e+00 5.287757299177564541e+00
4.788804186404582275e+00 4.776067138506884469e+00
5.654204395593670718e+00 4.637236577708614860e+00
5.549096499301802154e+00 4.546707110816124775e+00
5.530849687473893717e+00 4.916791336400582857e+00
5.382863223926573681e+00 2.527202503456424498e+00
3.697118453656761616e+00 5.865755147111676671e+00
4.007692430727251676e+00 4.726786563800647656e+00
6.608609367016411440e+00 5.509149480194148296e+00
5.045612422259096341e+00 5.920422097729391098e+00
6.450976931854875751e+00 3.273667769680472794e+00
4.334792002605016847e+00 5.787402191800478768e+00
4.610883806675908581e+00 5.020601871216020307e+00
2.892959377906041851e+00 4.696878713601113198e+00
2.664521190620845026e+00 6.874499063290459233e+00
7.968245782409510980e+00 6.064282174721933316e+00
5.623073547779993575e+00 4.611043795446583715e+00
4.096319539054642966e+00 4.441971905089875605e+00
3.091598963359690089e+00 6.525991050219389855e+00
1.831643083763133006e+00 5.752342208036573368e+00
7.217672966453912764e+00 4.566824787096701144e+00
8.184829394731519159e+00 4.896666812462232343e+00
4.074686709887823000e+00 4.259815133494866402e+00
4.322122946326677706e+00 5.278683318894822563e+00
5.303662809650113275e+00 4.609502574871600089e+00
6.919354573064881997e+00 5.754498663704489481e+00
4.920904907680712093e+00 4.250826939383902214e+00
5.904980486560525321e+00 3.265159096468866373e+00
4.193359681062729827e+00 3.409297974394530861e+00
7.252714618578283812e+00 5.359940875287009909e+00
6.176801688671961443e+00 5.382155447166513618e+00
2.209306569803631604e+00 7.191490213146255250e+00
3.812837372927557311e+00 4.274549093425131119e+00
6.803939404728104989e+00 4.028848759523850021e+00
5.319515781043399727e+00 3.849283650711495142e+00
5.460616805375307692e+00 4.049099977020481411e+00
6.333322597613001648e+00 6.038177709109004532e+00
5.323661165860153588e+00 2.198910997046980231e+00
1.859268720960758348e+00 4.865442938677420948e+00
4.117322299814365039e+00 5.007642189242767827e+00
5.388229330459240352e+00 5.291768795102871792e+00
5.667787333831243224e+00 4.436608663698708988e+00
5.035958046778556962e+00 6.607116250071143781e+00
2.546893324216090271e+00 6.909379399429131929e+00
6.963942056465397101e+00 2.985908412337842321e+00
3.910512733199966284e+00 4.502828001832567928e+00
6.568173174562051742e+00 5.510778101860754674e+00
6.627371818047104846e+00 5.166649877736707808e+00
3.198603507113160660e+00 6.008106348883949011e+00
7.012710772932113201e+00 6.153161247405447121e+00
4.907268271538498539e+00 5.727363595146841568e+00
4.179884235824453675e+00 3.449583972972181556e+00
5.590337078173297947e+00 4.480738125620581158e+00
6.639679057432494425e+00 5.030913050158593691e+00
4.985645371199590947e+00 6.571429585013857988e+00
5.364340584454886596e+00 3.760486221332268286e+00
3.221861628940760891e+00 4.672326191316703792e+00
3.850697601712793627e+00 4.312583764921199325e+00
4.980384343480519505e+00 4.231068018390780949e+00
6.961089660251493783e+00 5.196912939654973584e+00
2.516349788973864410e+00 5.322426866997594708e+00
4.757455086490618434e+00 7.292316161077669889e+00
6.195844127138300905e+00 5.553484785484701369e+00
4.226496601125725228e+00 4.936429659707991746e+00
6.784611054683940878e+00 4.105305710413655440e+00
6.357158051683560629e+00 4.421904730990933174e+00
5.495264075253126101e+00 2.807982422994288019e+00
5.337567178053983064e+00 5.976435693219912970e+00
4.529347519520919185e+00 5.398819820718287588e+00
4.068444065241863861e+00 4.417665028905708446e+00
3.165304532740762067e+00 5.334392430731332624e+00
2.532105793650668790e+00 4.948537609015139616e+00
5.320539450654885094e+00 4.332167730731085520e+00
6.303372893316574022e+00 4.935963786878120096e+00
6.509887070935962861e+00 3.686768057576415014e+00
7.063109534062833816e+00 4.846728473952100380e+00
3.307217907559390824e+00 5.288146594002990142e+00
4.129002343099461569e+00 5.346363864911396035e+00
4.195662245030353787e+00 5.148923080068940727e+00
6.474641014463548672e+00 4.451748546334824752e+00
3.136021272423814565e+00 4.200993275968734508e+00
3.384217154488280865e+00 7.284789397242642295e+00
4.644929933970730396e+00 5.325393849616324005e+00
5.260625439257176517e+00 5.119651523600021292e+00
4.541181389648301980e+00 3.706283841073421570e+00
3.546662990179835440e+00 4.756131158610230614e+00
6.390622176408919941e+00 2.297836583699361945e+00
4.601818638486107282e+00 5.131804926723069649e+00
3.107297939499523043e+00 4.787704020132647287e+00
5.187011589718634852e+00 7.090280879936647906e+00
6.954667819492700964e+00 3.729260678789475314e+00
5.685957957674061092e+00 4.578233001204218944e+00
2.849001629217543741e+00 6.214044557695407534e+00
3.102294339837423642e+00 6.575178208265427315e+00
5.031394770604895150e+00 3.748134316694772039e+00
4.659002864565409574e+00 5.396871268385812215e+00
5.209379551968871702e+00 5.631774150172356386e+00
6.563198175146343516e+00 4.891707702977210914e+00
4.479674983145587319e+00 5.298029276430168188e+00
1.752880877518993685e+00 4.689546832571293677e+00
2.824536512693002432e+00 4.116685562030378165e+00
6.786642526250147966e+00 2.796550911027344988e+00
6.815512264145555221e+00 3.377210493695940841e+00
5.235568028265959128e+00 4.571628397195005356e+00
3.714471354475858078e+00 4.936370848913425924e+00
4.928667474196089415e+00 6.206794433442889947e+00
1.025075556799782461e+01 1.958609341474647270e+00
5.547530278345283783e+00 5.295780840258776934e+00
4.598272655749202187e+00 5.822883253005374016e+00
5.762121224171406375e+00 3.586335065517809895e+00
7.445640464528795022e+00 3.429692375740986066e+00
5.590345998051887477e+00 4.357285524600109206e+00
5.732141236359782788e+00 2.672647409690040110e+00
6.944876505485434670e+00 5.612207882588094776e+00
6.750541819703229862e+00 3.926619365413477780e+00
4.827767830962690354e+00 5.258649141883346978e+00
6.582444360223941970e+00 4.877402608805918582e+00
6.548346151993968078e+00 3.006506188056047080e+00
8.163752343052934179e+00 5.919373455352848978e+00
6.566048081291436134e+00 6.162133784223509103e+00
5.458359787270954833e+00 5.360790495128728850e+00
4.156056787069119629e+00 5.988978726796506891e+00
5.994311257491606426e+00 4.669650767395808089e+00
5.422139602282704196e+00 6.702822192162809500e+00
8.770319931080498677e+00 5.269653808384061833e+00
4.097063143099227034e+00 4.696818976579071325e+00
7.542003340592301264e+00 3.926290903048380354e+00
5.731753566594212757e+00 4.614251753955259439e+00
5.157981871246276384e+00 5.349457394125707310e+00
5.359331060375291500e+00 4.875545073887845859e+00
4.659656803147442794e+00 5.248829292260847268e+00
4.209467041797869236e+00 4.512884052094060294e+00
5.288146628079394063e+00 7.079409768871942177e+00
5.068160309681640108e+00 4.175499868641095347e+00
4.677739172197783901e+00 4.683574328663004493e+00
4.653662618515931548e+00 4.229966045500299643e+00
5.410837353037631914e+00 6.723104295933573837e+00
2.375271751132231213e+00 4.527673969580556346e+00
6.544770847705700945e+00 3.860796849612253112e+00
5.073753808682233135e+00 4.929057596868709368e+00
3.652737901596974091e+00 5.537583660596550494e+00
5.265439875342044829e+00 6.093688351789806390e+00
6.752168401138090914e+00 6.276074042490436433e+00
6.718544120790163277e+00 4.263022011609047368e+00
3.447374910316315599e+00 5.942245662586705279e+00
4.075715048066243185e+00 3.395344735617062071e+00
2.041104405674998290e+00 6.196794981871811103e+00
4.875454982206963273e+00 6.279382571202796193e+00
5.954843113229900453e+00 5.418980303660947406e+00
5.810052940196024807e+00 5.704064479240196661e+00
6.808882295509324223e+00 4.007359868109972467e+00
2.865043237376692531e+00 4.487200303202961926e+00
2.935532112044633379e+00 6.010560582414086639e+00
4.621964685215720792e+00 4.154971034222142201e+00
1.688483907136895112e-01 7.327537725402365254e+00
5.753097005932143126e+00 5.085174568360862679e+00
6.584438673199420222e+00 4.615977511356134322e+00
5.585643976724918858e+00 4.877472477365779824e+00
3.820293468134861925e+00 6.368634080422031829e+00
3.862292539258953106e+00 5.040743764683369932e+00
4.432274394334637435e+00 4.859009708594449251e+00
3.726907898757973570e+00 4.592560398631588825e+00
2.590877738022050014e+00 5.382901746590216696e+00
7.579173242489707363e+00 5.577768978165191349e+00
5.049053451790305402e+00 4.661361346992314303e+00
6.482467133710518858e+00 5.567386289642931807e+00
5.731374724889204408e+00 5.791345052894580903e+00
9.304172995820058745e+00 3.516499421868753306e+00
3.014824102830182539e+00 5.675010486537535037e+00
7.786804751263910696e+00 7.544649139036030405e+00
3.442226883046527686e+00 5.651593870308217582e+00
6.297185305346846285e+00 5.281944610993967615e+00
3.645676974815945215e+00 5.369491635070593460e+00
4.159130163890609744e+00 5.132729742928760608e+00
4.864413146700462320e+00 4.485638435087518694e+00
1.549821900366544991e+00 3.730358172448323906e+00
4.747635313051565831e+00 4.720663232341959947e+00
2.142268547695683534e+00 4.963031644635861106e+00
3.452359402639492370e+00 7.667593892542472922e+00
6.056705064151684859e+00 5.018393865691299638e+00
5.951000006009346421e+00 6.602115707816487600e+00
5.242303854177589706e+00 3.856748741613944098e+00
9.031011493510483490e+00 3.711846487507375336e+00
3.876123069866539872e+00 4.080918456828694474e+00
5.313091629272967076e+00 5.044837382725892105e+00
6.792325799753413662e+00 3.823205747491548845e+00
5.558206436505337855e+00 5.553807224892563177e+00
4.988207548825160487e+00 4.013630999501432761e+00
4.638996131113935384e+00 5.089031456979581591e+00
2.582386812040470048e+00 6.853435244667376303e+00
2.793647215106597415e+00 5.269854818880164160e+00
3.400672592281964057e+00 7.632229191861894080e+00
6.811544927947585926e+00 5.048215656741660951e+00
5.313877263183493405e+00 7.129328129554453497e+00
2.751776827135420156e+00 3.788674270988606096e+00
4.753559740559113678e+00 5.517722175004020180e+00
5.377478251353924321e+00 4.948690716115659249e+00
5.485964127416480096e+00 5.207254607939464819e+00
5.007879669394070810e+00 5.240407553953414954e+00
3.764173761960051046e+00 6.838250293219725329e+00
2.391570164193707271e+00 6.116639666306709522e+00
5.033022987281402294e+00 4.189214218606762685e+00
5.224726941560223104e+00 7.270083349911784509e+00
2.117123050082143632e+00 4.968859663126441895e+00
5.396882996181643577e+00 4.195323476745643987e+00
5.968385004617160483e+00 6.756951650569062551e+00
3.460960303034189778e+00 4.489572199908200112e+00
5.081171104973543962e+00 5.798299880334695899e+00
4.146213520602919367e+00 5.717080436702390855e+00
6.367364340629063868e+00 4.639254333759029514e+00
3.236320452931175318e+00 5.431301788616755388e+00
6.674312481615245929e+00 4.349972015537511894e+00
6.502367423426739457e+00 3.158307269900788583e+00
9.496155150788396782e-01 5.906287101312297949e+00
5.231204013853272272e+00 3.464471829288525928e+00
7.637202347695238203e+00 5.402731359074153694e+00
7.235540449031264032e+00 3.490494558853919571e+00
1.608466345306480250e+00 6.409443110322030179e+00
5.539441459188170214e+00 3.978864411233167253e+00
4.662217921360772621e+00 6.613694918338948625e+00
5.106648313498447500e+00 5.688107376293990214e+00
4.693381801113607921e+00 4.272742719955705759e+00
5.974869525336758080e+00 5.261275521137807942e+00
4.859142962512574826e+00 4.839369420990864867e+00
5.567624817070625731e+00 6.582252361248148276e+00
5.147617578200272881e+00 4.765744964769802472e+00
5.375693367437885506e+00 6.165335047522679801e+00
6.622096242775006303e+00 3.893413099723442183e+00
6.087609362557524051e+00 5.758165196033016464e+00
3.868603342619453933e+00 6.049574035291342966e+00
4.194637603778852863e+00 5.367991818317185526e+00
2.508838869189788490e+00 2.759008684226229580e+00
8.415843670170932711e+00 3.383707366300156227e+00
5.030353615413474699e+00 5.138587162317942436e+00
4.347090045342890008e+00 6.869329598379547264e+00
6.426116814680375100e+00 3.595703384522127788e+00
4.699540661576558698e+00 6.006308738381282097e+00
5.012577860417506415e+00 5.594537390446818748e+00
4.722857651978147331e+00 6.591633245149472131e+00
4.747259377925484358e+00 4.491859255590113342e+00
3.189117314116987956e+00 4.858971622095476839e+00
3.646764495334159584e+00 6.169689262741737679e+00
3.532298237601579238e+00 5.731485961983604938e+00
4.179393354517616288e+00 6.643556132763208666e+00
7.556023772498397406e+00 2.432525286892728289e+00
3.790461751479363706e+00 3.869032243246216751e+00
3.327418072680925043e+00 4.825280864120012225e+00
5.572865060233580081e+00 6.306519350738229335e+00
2.063361806410861199e+00 5.108284261125533909e+00
6.424000105583488995e+00 5.419531765286996539e+00
4.460042631017729242e+00 5.269665721311660889e+00
3.964013887118440493e+00 4.745907807548197965e+00
5.978726946232322703e+00 3.770571860527180963e+00
5.492241479942326698e+00 5.233728277533069573e+00
7.530282999199391369e+00 3.867453381156832570e+00
4.187752269194490395e+00 5.412159002096312399e+00
6.102091125547455697e+00 4.896996426511631917e+00
5.838826680505448508e+00 6.673561705221005447e+00
4.851382687309883757e+00 3.690140980776760671e+00
5.605458190302456956e+00 3.401911491780411190e+00
3.012307355264673525e+00 4.117719672541068299e+00
8.587205447582729079e+00 3.394030619827271167e+00
6.124662781232918185e+00 4.300209901954886504e+00
4.264251507339062996e+00 5.901711043027289882e+00
5.089720449307463923e+00 4.204346314094891568e+00
5.874621345748410661e+00 3.990116420431399469e+00
4.790504451641534267e+00 4.342089599821869150e+00
4.586663625416192325e+00 7.868380994669097461e+00
5.365826981918585759e+00 5.462962957566950273e+00
3.276961638913053143e+00 3.695227418857991886e+00
5.962518147146903758e+00 4.816863855051468413e+00
4.953132848272712607e+00 5.396763301523524348e+00
4.084559096860805205e+00 5.311940926058759338e+00
6.098310862858851600e+00 6.590486808506095251e+00
3.853411448427879193e+00 6.823446221184815919e+00
2.685469944275267640e+00 7.919925505977383651e+00
3.793603196701774039e+00 6.264146512236621334e+00
3.705942768991282499e+00 5.726811690029120605e+00
3.105128718740577831e+00 2.968899307989457004e+00
6.845015808179226724e+00 4.523672855623932954e+00
2.787586400020212629e+00 6.781732298586179652e+00
1.830724920474124495e+00 6.745326395018718557e+00
6.122888168015094834e+00 4.131725839778152221e+00
3.347480392680500572e+00 5.120399053682104906e+00
6.064482388608853469e+00 3.694208561529815249e+00
3.373405536680085692e+00 3.122903981475207313e+00
7.237670485521196184e+00 4.367225885516692330e+00
6.349767208016556808e+00 4.743147937831038163e+00
5.756777595500681244e+00 4.746441715571653397e+00
3.833535352951701114e+00 5.710930990102772498e+00
4.653371332201941435e+00 5.594668476933651213e+00
6.505800465562388446e+00 5.607558562452577888e+00
2.326381557708299130e+00 5.228054144706927531e+00
2.460336437445461044e+00 4.576181598274359885e+00
6.882614530581779633e+00 5.756338364474725466e+00
3.632833959523219303e+00 6.024096668523117870e+00
5.174531221463669617e+00 4.954728753186111057e+00
8.085536295723249722e+00 4.496566161428720676e+00
4.211143186049985943e+00 5.359271549291536374e+00
7.292218291307476008e+00 4.990370039484523623e+00
4.806713494219589045e+00 6.571855037183850001e+00
5.124106518155451262e+00 4.619935474008665111e+00
7.001438837942632887e+00 3.411647241870200631e+00
2.789307922459727695e+00 5.773047910372879343e+00
4.539854490691505262e+00 5.771242754195880842e+00
4.361947945016620309e+00 3.143896060125585201e+00
5.836740789326225531e+00 5.612146841057016999e+00
5.267272922648059463e+00 3.941059757725064117e+00
6.903209172189306742e+00 4.987858001303261624e+00
3.694105992432025865e+00 5.926732690331016684e+00
4.016617744553877323e+00 4.773657889035017199e+00
4.659087509015522599e+00 5.264765168770254355e+00
3.419051500595972293e+00 6.394320364951910030e+00
5.101286021884153143e+00 4.612819268784395632e+00
7.778568968910955839e+00 3.380783865541291178e+00
5.650685401274808228e+00 3.717688164320100519e+00
4.210441615408996086e+00 3.468224181725674704e+00
7.576343627163947048e+00 5.410261855162077360e+00
4.772023888974086248e+00 4.874843694197300792e+00
4.866672528435839418e+00 5.046690921909199545e+00
6.325542733438117793e+00 6.300947079685471408e+00
5.930677442844451974e+00 3.443706457799469156e+00
6.340983858862738742e+00 4.633646162710509664e+00
3.744590200161473703e+00 6.709472544764787827e+00
5.408620151526166708e+00 4.983616840770970668e+00
3.888995187376926399e+00 7.108475008199594214e+00
4.674564058140387779e+00 6.065732168596218443e+00
8.626978825633910830e-01 6.493609263256581166e+00
4.654617226186122281e+00 4.599062284895452990e+00
7.068742846490402520e+00 5.979569680415711019e+00
5.681256177787600059e+00 4.915895335494598228e+00
5.379855938996114695e+00 4.868647085547170406e+00
7.694822513847308088e+00 5.581623027046020979e+00
5.481026975157124781e+00 5.853299726730384123e+00
3.883308588894447855e+00 6.174467538708967140e+00
4.190529292722421140e+00 6.282014060945448897e+00
6.396589477923391165e+00 5.730902231682600600e+00
5.184444067348644047e+00 4.287012397790883611e+00
4.389111054488343377e+00 6.845602597141551726e+00
5.121026466136392230e+00 4.966693963651567678e+00
4.204372942474198460e+00 6.766747270757756283e+00
6.560673786706448851e+00 4.689111952669967387e+00
5.010919679682553252e+00 4.269376614505717704e+00
4.199003617851317927e+00 4.381344403435972978e+00
4.232296487146101960e+00 4.412255730096173778e+00
2.202670439758840359e+00 6.378011025702059023e+00
5.642574116514134097e+00 5.774125647758918234e+00
5.207017177937818708e+00 3.705771641980899034e+00
3.520869671354617925e+00 5.771089940710991684e+00
5.289936308449080471e+00 3.424438051532269434e+00
2.652272600368061894e+00 6.212290615201743194e+00
4.652049673039692301e+00 4.442451804333481746e+00
3.985595715954596052e+00 3.987091566789100927e+00
5.236527282363201863e+00 7.677989152231663894e+00
6.931883668962427691e+00 3.819438394491206701e+00
5.353543414737043982e+00 5.891028242437047702e+00
3.578370653286762071e+00 4.964460018944749642e+00
3.343323102068731068e+00 5.837415097198832115e+00
3.260942669549388828e+00 6.124570321861654953e+00
6.284923256454815643e+00 4.410141492072614966e+00
4.796522811570643086e+00 4.446806105139010867e+00
5.161706404640374224e+00 4.485405353547586849e+00
4.922083219082879602e+00 5.583177462450253259e+00
6.980879111711102425e-01 6.491279075372181850e+00
2.782612937777050544e+00 5.273749551586812245e+00
1.578643108268714901e+00 6.985932932981140375e+00
5.453566737835632061e+00 3.812060463390490206e+00
5.805465956110046122e+00 2.490716297839949966e+00
5.193746368899852861e+00 3.941045945534740635e+00
2.833023634763472298e+00 4.588348601080446620e+00
5.210992368320212620e+00 4.308384684437845280e+00
5.456418499673183931e+00 4.298909712699423125e+00
7.501724925748824546e+00 6.469471601112059211e+00
3.016833354608443152e+00 6.574215593452649387e+00
3.185620431743696912e+00 5.632590041351410726e+00
5.097277377002335186e+00 5.459137882365144634e+00
9.421256220788059466e+00 3.062260301535772555e+00
2.899046375570861311e+00 4.685100914537525085e+00
7.589800200531839458e+00 5.095018406952052992e+00
5.827506607872877886e+00 3.488067612829345521e+00
6.138675270252866412e+00 6.636432701361060005e+00
3.339725947100458114e+00 6.117956474650257270e+00
4.255731010161873940e+00 4.892684680656107510e+00
4.680395564479075787e+00 4.821053724603725499e+00
6.294978295107590327e+00 4.494785616120220872e+00
3.859426647342215411e+00 5.637081986317522997e+00
7.738146517737705565e+00 2.508508171519689078e+00
8.073386436979635761e+00 5.477441679905793670e+00
3.647240629383300181e+00 4.131989623106245624e+00
2.886270896964088895e+00 7.863063887835973098e+00
5.944774600352509708e+00 5.573464626839002456e+00
4.243347304413380705e+00 4.018699858346072240e+00
4.801125763625907261e+00 5.217820904344820043e+00
5.767806740421721479e+00 4.924049659862776096e+00
2.121948136385303219e+00 5.529580304078655750e+00
7.228090385078385083e+00 3.104778749532418392e+00
6.049866060728075645e+00 5.159093766156098049e+00
6.703116439379453340e+00 3.874587752176236410e+00
2.925182269161663573e+00 6.536017950352890793e+00
5.259802822648302900e+00 5.669535710132988626e+00
5.403513602335657140e+00 6.967440723372208211e+00
6.556664071929219517e+00 2.414013582981412220e+00
2.146994760733384133e+00 5.709542713897922006e+00
6.149958057170854531e+00 3.352675222993030779e+00
7.310974264192632077e+00 3.874591974505571024e+00
4.225968024895470521e+00 4.306242928111521096e+00
7.509643977512766355e+00 3.969638110495461447e+00
4.332191612824600746e+00 6.343103095282449644e+00
6.734746643998590798e+00 3.100365717294310208e+00
4.597976849594594739e+00 5.263585416526282756e+00
5.201005968426231085e+00 4.786076448247785997e+00
3.434659321424641476e+00 5.344631248942697255e+00
3.480293555026752195e+00 5.424637549807032499e+00
6.782566362314910613e+00 5.159015641784384876e+00
5.752557790040382812e+00 4.835279770764708829e+00
3.813706714025110411e+00 5.276914974874657105e+00
5.682673762698402520e+00 5.044222232254459648e+00
4.166248957308586576e+00 4.458941376521845079e+00
6.153956937310769426e+00 4.216241117810577421e+00
2.751377624359890639e+00 7.156812499296925090e+00
6.069207252735749236e+00 2.933900007058497739e+00
5.661551606352773547e+00 4.622249625753390490e+00
6.632622530561824270e+00 4.719831101748878766e+00
6.269913073539854054e+00 2.957049930892529321e+00
3.728743939453732281e+00 5.714228157023296006e+00
3.838827013647444719e+00 3.185012551908749323e+00
4.070738528809956236e+00 3.427184162798273093e+00
5.265435633176559271e+00 3.346930982914332553e+00
4.116865592412531250e+00 6.567057958986042721e+00
3.821905290656297804e+00 3.302449866679121104e+00
3.219429004306530118e+00 6.463519595548589791e+00
4.604243654156316090e+00 5.149583154121506468e+00
5.283951205039256749e+00 2.390965261590942692e+00
6.146453423280429540e+00 6.097227486607079250e+00
4.526453819437990411e+00 3.288269380507272466e+00
4.472700026048486599e+00 4.728716957054768244e+00
6.244997655815621052e+00 4.044530569111088880e+00
4.185009094143483210e+00 4.602100016665470861e+00
4.852045536852135577e+00 3.899975239808442851e+00
8.440040721448795580e+00 3.591952293983490918e+00
3.819949411746409673e+00 3.801628119966845354e+00
5.025441375943183075e+00 5.410918473912897930e+00
2.425402499292524272e+00 5.592162243452508896e+00
6.503734236350979359e+00 3.464854541570755231e+00
4.502062261711269109e+00 4.655344788365821884e+00
2.959940018360985192e+00 7.180658517380626549e+00
3.984011300625300400e+00 5.792878576496045540e+00
4.900278644850097010e+00 4.847444488346604352e+00
6.597191937127194983e+00 5.498832237180280025e+00
3.019537574053241524e+00 6.195273182074872764e+00
6.476629747347868005e+00 4.409922398318038894e+00
6.513185182474065194e+00 4.580819154746088806e+00
3.508476632151275698e+00 4.029582046510229887e+00
7.063506025435737357e+00 3.995015980529116995e+00
6.053245451477164529e+00 5.999980958084341509e+00
8.970092953338784980e+00 3.207263843639945655e+00
5.238926922184939272e+00 6.191479920667717352e+00
3.737469062753466353e+00 3.883659069020726218e+00
5.978851311117630907e+00 4.097946169504544045e+00
6.556330441654870000e+00 3.902057041366830070e+00
5.955312842671507845e+00 4.657623108271709000e+00
1.929665550782857952e+00 5.545472989818976295e+00
1.172307502016324499e+00 7.483688207498868650e+00
4.259942510479357125e+00 6.012687523081337915e+00
4.077158614466527276e+00 6.957381474867568194e+00
6.719285504910931905e+00 3.295886800372580083e+00
3.632752935777832981e+00 4.571965238691845457e+00
5.112691761668564538e+00 5.439700366819601562e+00
6.269655740732568816e+00 1.948389031137423899e+00
8.310751844660469345e+00 4.235523895720528564e+00
5.782911500138233407e+00 5.736108723599365078e+00
7.650410717999623245e+00 5.807873225587778521e+00
4.911150940691797473e+00 6.016245715508283354e+00
7.646297713459612844e+00 4.393355372805213044e+00
5.311320694910189211e+00 4.465993476213903079e+00
6.596944587154230710e+00 3.050252206182971548e+00
2.239240941352750980e+00 8.372039117082032078e+00
6.365752742542928999e+00 5.011225710157221513e+00
6.491376413761325459e+00 3.923307034164683849e+00
4.892758803702367487e+00 5.736127885317814368e+00
8.379250190191255498e+00 2.792770088272169104e+00
2.544408005971631415e+00 5.596524359254341441e+00
3.195487699840676044e+00 5.558437965712958118e+00
5.996375392564696760e+00 4.271356046284979335e+00
2.232029659237956043e+00 4.984578809225562956e+00
3.895734858999067463e+00 5.594323553417021699e+00
2.657670958178724341e+00 7.210835558360226827e+00
5.271472126494438193e+00 5.364369630349676399e+00
5.202832824856159277e+00 3.856695815733305555e+00
5.475304367977976483e+00 2.733198412802705146e+00
6.973464524138362819e+00 2.842915794026411369e+00
4.177336577064376222e+00 5.241475288561720625e+00
7.254899705918475661e+00 3.787143971216835325e+00
5.252280145688676960e+00 3.983232868652106795e+00
5.634161379735641795e+00 3.848476852863952136e+00
3.777729928762332712e+00 5.125866632784135568e+00
7.513142750008132253e+00 4.347303148603227640e+00
4.441796233634700997e+00 5.993388273053193771e+00
3.142045499033061073e+00 6.243349004501365762e+00
5.269945206805305205e+00 4.956737019548674184e+00
6.173943086387074786e+00 3.352455217852718938e+00
4.408241730255449298e+00 5.796426211002453144e+00
5.995142638050957373e+00 2.733170673217969249e+00
7.387701842339208902e+00 2.404015321011881756e+00
4.097672958142982935e+00 7.644357012856499267e+00
5.515887504877191816e+00 4.952414675092230212e+00
2.024603405479324714e+00 6.821400975111862941e+00
3.319459037988711891e+00 6.953531929031358416e+00
8.178338379582672957e+00 3.989484975022443702e+00
1.285043058840455110e+00 6.697247385362153693e+00
4.429692461829580097e+00 4.020296483252046471e+00
5.020040933674867034e+00 4.518765717888344469e+00
1.949507602195780898e+00 4.720756930345298308e+00
4.702244560106259463e+00 3.908735283256113746e+00
5.440606206721096072e+00 2.988267087266537114e+00
2.664165993478432970e+00 5.156645326026264797e+00
6.787859000212852933e+00 5.950267678132886040e+00
1.648572481114648269e+00 5.789469680297101739e+00
5.306639227160732553e+00 5.687693057834148469e+00
5.482362181007323976e+00 1.583769588035001341e+00
7.004923497410822542e+00 6.387885843056629653e+00
3.069818550538527369e+00 6.321165126871097328e+00
3.930337287360708309e+00 4.764848319212383387e+00
4.894747510619413156e+00 4.426897177207346878e+00
2.878095722402008505e+00 6.902846289843430405e+00
6.095115994088708966e+00 4.213769564815182278e+00
6.040149130893521345e+00 5.713591920370566513e+00
5.428925860070752840e+00 6.455924848517277326e+00
2.158051402271574215e+00 3.357325742635092425e+00
6.966635390592379906e+00 4.944807843236744382e+00
2.574628303219682834e+00 5.686647191035459237e+00
7.110185226205979703e+00 5.117642726611893345e+00
3.838715648261739943e+00 7.056028427242215351e+00
7.818864410477925020e+00 3.739698553574172024e+00
5.240808665337286953e+00 4.888392034696444455e+00
7.021276387650576822e+00 5.442797971817879166e+00
3.880464063546132714e+00 6.322557686259579590e+00
4.391390571312365765e+00 3.374809570591555286e+00
5.244867432137276353e+00 5.207495582209515028e+00
4.226920548502499209e+00 5.988263415239517329e+00
6.304031618498147971e+00 6.299258489416378559e+00
6.758094691599051629e+00 4.246265226818673355e+00
4.638529659587231180e+00 5.997418037115980205e+00
5.141847009247967115e+00 4.811272654060071652e+00
2.756930053037086381e+00 5.722931117860018624e+00
6.620222403667309408e+00 4.792715780475806042e+00
7.425423299295470514e-01 5.986057115098816439e+00
5.019350357219115821e+00 5.715548263889603575e+00
6.038448050467408734e+00 3.958644110065216992e+00
7.816175419791161261e+00 5.143781941999394647e+00
3.605213263144397828e+00 4.615737199350865794e+00
4.577872788756060629e+00 5.011444923401541907e+00
5.125852181959249521e+00 3.454062980159487317e+00
5.008956836348002817e+00 4.639135832991324371e+00
5.946764016837304823e+00 4.919078388459646511e+00
2.598385534457868129e+00 5.558684005751558743e+00
5.173847645763766323e+00 4.483479277492064874e+00
4.401563607529568323e+00 6.017288098988842648e+00
4.658734410189412145e+00 4.830131503479456079e+00
7.866746092179706551e+00 3.287240854716145577e+00
9.429211559602016735e+00 9.341040665977086377e+00
9.536676889175474514e+00 1.006317129978120484e+01
7.929840829493294940e+00 1.005084981892224327e+01
1.002034907854019075e+01 9.913647715072077204e+00
8.871018657675373120e+00 1.009166284319915796e+01
6.776073964936404792e+00 8.362253174683093704e+00
6.747392514430610611e+00 7.784280380269501975e+00
7.772433553639487513e+00 1.081564880511307436e+01
1.098334372069627030e+01 8.163627652605438101e+00
8.528838005544729484e+00 1.076435468811865093e+01
6.816100494164734513e+00 8.938886712834488435e+00
4.478054934532254450e+00 1.028659686166353637e+01
8.617214358321152901e+00 1.103587260068844955e+01
7.097375252587722727e+00 1.061212027580813455e+01
8.725651651814706256e+00 1.237876773206433256e+01
6.294739866738643386e+00 1.051142394154578596e+01
7.133118491865332089e+00 7.331306127189030519e+00
8.641768782826078521e+00 9.011421854002181320e+00
5.413330254402463737e+00 9.307954041545400514e+00
7.831821229857985678e+00 1.002218307359424188e+01
1.024189306064547367e+01 7.517655826509047401e+00
8.646520831243075023e+00 9.978884272994360316e+00
5.853909288735716032e+00 1.153298597781152424e+01
1.020458137883954564e+01 6.759146361751179555e+00
8.295388154265122438e+00 1.032742349354674261e+01
1.404656699534323394e+01 8.537138247184401507e+00
8.081224485720841955e+00 9.455003459754175665e+00
6.786335378606298541e+00 1.291551838307254663e+01
5.248000289577117172e+00 1.122674617363942495e+01
9.537812228619726440e+00 1.199144373275628794e+01
8.177355445730070116e+00 1.070103772365565753e+01
1.000791333288544571e+01 7.000735513601988202e+00
9.651060073113832516e+00 8.359824917596089477e+00
9.470439821809804926e+00 1.063297885687214439e+01
8.371283627992770704e+00 7.844683552773411783e+00
6.771695877005366349e+00 1.533200007583178603e+01
7.948914845955577846e+00 1.039339483490885740e+01
8.466836669432279194e+00 1.054436863821399051e+01
5.657873973593602557e+00 1.125685742130032629e+01
1.017007420954261931e+01 8.170783744878731270e+00
8.722710877239236993e+00 9.067061428363659914e+00
9.351508180415256888e+00 8.800743193146166377e+00
1.181665511789179490e+01 5.761797923245151942e+00
5.980244367049524890e+00 1.115043857996418630e+01
7.261966579069911276e+00 1.323019403828716634e+01
9.014394406928069259e+00 1.113030605660180861e+01
1.015323551221623433e+01 9.800668532450911741e+00
7.659813113236986659e+00 1.102722385005839101e+01
9.380571340325492002e+00 1.157933761730281041e+01
7.978416258690767648e+00 8.751191510434725984e+00
9.517335525794301532e+00 8.364208733467105361e+00
9.106717766185449037e+00 1.082325149430576694e+01
4.876872911285204282e+00 1.046830912438367100e+01
8.694878447175559799e+00 8.017551202274850297e+00
8.151007809208987709e+00 7.372727964187018479e+00
6.222919290297352468e+00 1.175977706500611042e+01
1.147088528847596933e+01 8.814035735821226680e+00
5.273873549587548837e+00 1.364655538980760241e+01
6.003735998877365532e+00 1.070881210831010222e+01
6.769501061794361618e+00 1.172773414824678184e+01
9.361622688370296430e+00 1.118286092988035918e+01
4.679472981462915016e+00 1.055766777482205399e+01
8.240126663213404257e+00 1.097719631367512072e+01
6.874183934788156591e+00 1.024876857014699638e+01
6.218186768248004093e+00 9.512962696887734992e+00
7.053113745183008376e+00 9.182350181320796167e+00
5.014302418402722950e+00 1.052324369033718376e+01
1.079117346825596080e+01 1.196136572745550097e+01
1.093248329311960987e+01 7.034410794862955285e+00
-1.449079708629810170e-01 1.104121174625508850e+01
1.015425411803218836e+01 7.402929567717904114e+00
8.986174613127907662e+00 7.561233484283901518e+00
9.520172268655938908e+00 9.256670849064835949e+00
7.786565384711752635e+00 9.499543063490357042e+00
7.688473819225218442e+00 1.069987171986222663e+01
1.072365013330158590e+01 9.590352873225841179e+00
9.735712213459176922e+00 1.246669096592479065e+01
4.250038002244913571e+00 9.192958482561552458e+00
9.906702209907514600e+00 8.527725446349979421e+00
6.851442199256967847e+00 9.446360018167752060e+00
1.246704056069869537e+01 9.653291177589375494e+00
6.163413583594981482e+00 1.385878478265588853e+01
8.609277367711365869e+00 1.060216692821165374e+01
7.785624337672546247e+00 7.888353683062280908e+00
1.089978376168249419e+01 1.020582694525884904e+01
8.471542144847449052e+00 9.265058221067357991e+00
8.702056704662314957e+00 1.078655059925457493e+01
7.178997824251353244e+00 1.279295954187332640e+01
7.303638514370645929e+00 1.125075044304559313e+01
6.180947690807010453e+00 1.026390469210471323e+01
1.045190722573955888e+01 9.513118944472470417e+00
9.690702966647274152e+00 1.034915279909344221e+01
7.936022374427632364e+00 9.759585168456508697e+00
5.812417115413808233e+00 9.554008967899912719e+00
9.254133079449390564e+00 8.741615518006636165e+00
8.404527114971790169e+00 1.046104392209135625e+01
5.180728381863701770e+00 1.149066004422983944e+01
1.307127170775821767e+01 7.088123485688323733e+00
6.251125026769697612e+00 1.161251407330822083e+01
