2.472580183901613715e+00 1.982788983448916742e+00
1.111686022993069178e+00 4.375919513236619096e-01
3.696663297060609921e+00 2.086148873426652450e+00
1.562093593774910083e+00 1.041439551644720130e+00
8.501033631347580943e-01 2.469614537599909898e+00
2.301640254676953212e+00 4.714214751820891891e+00
1.109191756858888267e+00 1.552406946207132155e+00
-2.565476699385521808e+00 -1.133360952701524926e+00
-1.008328862826561867e+00 -1.960571768093301248e+00
-1.257111252752526553e+00 -2.705663145399268554e-01
1.210204592262374534e+00 1.041966069521720550e+00
1.155384448202486203e+00 3.464745478451578542e-01
2.262335178762366006e+00 1.369640904768237633e+00
1.928118058271577340e-02 1.273898157086846172e+00
8.535431755561954104e-01 -9.751856656161159709e-01
1.042342340230918651e+00 1.246905957326650327e+00
9.527052185231330572e-01 1.891494020562198841e-01
-8.245644168412196162e-01 -1.450679514609598542e+00
-1.001058171890085724e-01 4.996784251093004947e-01
4.462668679532704186e-01 4.252282720449968023e-01
1.938035287597030143e+00 3.110959437155952356e-01
1.707443481166908139e+00 2.426223823151732795e+00
3.435411045408528263e+00 3.109534710654748402e+00
2.120845089706484998e+00 1.779654474304388279e+00
1.717487725209539295e+00 1.218534084059433420e+00
1.393150159029454382e+00 1.212004025133508245e+00
1.582939320820875739e+00 1.159030648218126736e+00
3.114132512463069880e+00 2.103480838870259717e+00
1.978060041188711038e+00 1.516804433255258377e+00
1.535137440908098672e-01 -3.445364404793431756e-01
3.736620572266695639e-01 1.749159036380135257e+00
4.004442794530804761e-01 -1.355959745851758047e-01
1.885902049668283897e+00 5.699414501683635059e-01
8.392131805429476898e-01 5.940334254524960444e-01
1.560080990733172079e+00 1.202158517592428089e+00
3.268581506572281192e+00 2.491157522274417779e+00
1.289062174221069057e+00 2.747838221433590356e+00
-1.221667643632258216e+00 -3.361239160962827821e-01
2.536145382311723040e+00 5.932435412769251348e-01
1.554675230353899540e+00 6.551833549589514138e-01
2.973550910839901196e+00 2.238997385988547251e+00
-2.221269557610419554e+00 -5.863372750612525497e-01
1.338529859104381714e+00 5.901274997180596671e-01
2.033613937683339756e+00 4.763806450524769032e-01
1.503574304990875632e+00 2.186746625648829045e+00
1.856402941233365578e+00 2.032301643566908567e+00
6.945242114609140316e-02 -1.103596380223826223e+00
1.077944525226036676e+00 -1.243039168711876030e+00
2.560556703407351087e+00 5.189207158394452790e+00
1.296577201438359861e+00 1.092058189206472019e+00
1.969648874362108781e-01 1.461303807049629810e+00
5.441732396548278894e-01 1.656996863881426085e+00
-2.198610277321535911e+00 -4.367563254476691803e-01
1.673366222452427721e+00 9.298781184266792232e-01
3.303664545899862581e+00 2.205047171380237980e+00
1.327385383875869351e+00 2.437267638666037683e+00
1.374421179090452139e+00 -1.394003825009431097e-01
3.337546197421941141e-01 2.020058840663486954e+00
-3.533832863476922270e-01 -3.503379080425643721e-01
1.530161983180813312e+00 2.043353396778987197e+00
-1.542508983917519227e+00 1.121938010027072830e+00
1.580595690873125569e+00 1.648809977753555867e+00
-1.694374875472973940e+00 -1.868501050054866663e+00
-1.788876095005878408e+00 6.703200866568659322e-01
-1.991497580266128331e-01 6.848752210209838598e-01
-1.523609412039253819e+00 -6.194941723001776701e-01
8.734512699067612518e-01 2.301432073925206989e-01
2.836665552115849920e+00 2.071946836623604682e+00
-3.957017703212597493e-01 2.646573506560437883e-01
-7.794123742865075588e-01 -1.815828945424062812e-01
2.852988618551474120e-01 1.121471059730790198e+00
3.611276074167784955e+00 3.039310343671795867e+00
1.381199181434810797e+00 8.821374142737731239e-01
-4.719967572379862197e+00 -1.942408773311898429e+00
2.326916724238167422e+00 2.740463396990734601e+00
3.954366736396153215e-03 1.860913679661223119e+00
3.076145630041483559e-01 -5.772813916588783734e-01
6.100682518272716459e-01 7.069649841974362525e-01
1.865368273976989233e+00 -2.395033390532932405e-01
-1.840632468752425588e-01 1.874804318692866234e+00
1.890750975524177813e+00 1.107670974253856855e+00
-1.877213653028710905e-01 2.292114442677575692e+00
1.010065594389895516e+00 1.229007700657275715e+00
1.624527200788813186e+00 1.099002635096892444e+00
2.490060399176982742e+00 2.065321405863807858e+00
2.230099188806939026e+00 2.385360619195951770e+00
1.141947541333931504e+00 2.396526080150051641e+00
4.140331401623071894e-01 1.221020003775645346e+00
2.131365150122768171e+00 1.634792035666055021e+00
6.877026356384972061e-01 -4.312124959511742794e-02
1.745789683981235907e+00 -3.315210910668588973e-01
4.298749155962222623e+00 5.801686434954214988e+00
2.694275999656260190e+00 6.531605932595041963e+00
4.473900802396471477e+00 5.711195872259565931e+00
2.067332491542006156e+00 7.374217432159126062e+00
5.809862110482583830e+00 5.834751747422540546e+00
4.438726831804725492e+00 6.298797862493895394e+00
4.150015040664436050e+00 5.520224724363130164e+00
5.591675667467168154e+00 5.265424835944634729e+00
3.948813272286477716e+00 4.419474383084545543e+00
5.371028155391873504e+00 5.446690755934021411e+00
5.941819985866115594e+00 4.757516077848305436e+00
2.982340973914435978e+00 6.937184463922279498e+00
4.334339585182672039e+00 5.367088744594258998e+00
7.328508221676194090e+00 1.806026419748806067e+00
5.232088680094975963e+00 4.234084158880420112e+00
8.235448481203180293e+00 5.391065728504170984e+00
7.663972602443005044e+00 5.023493432362188926e+00
1.315274971203190812e+00 7.583060612079066232e+00
5.207784953528209471e+00 5.275219339315913025e+00
3.451940761956819426e+00 5.776420036655017576e+00
5.622709522393430248e+00 3.869477080968374949e+00
6.221875713431117561e+00 3.348952957790232610e+00
5.208465156249282302e+00 4.413966949111938654e+00
4.815695220021106060e+00 2.831230926836393547e+00
5.849674081306356577e+00 4.758667058618576640e+00
4.513792638162565929e+00 5.915092979948287422e+00
4.961640338577048226e+00 4.666445349213034000e+00
5.379128891401090407e+00 6.602963609095719555e+00
2.097147138867076599e+00 6.063455690015779886e+00
5.016124053264255700e+00 2.859401798419742402e+00
3.885142974323785747e+00 6.246989413284768311e+00
4.403853371136203343e+00 5.876239776205988363e+00
6.431532547340236050e+00 4.669242389379549607e+00
7.567163514426921367e+00 2.756408225605758489e+00
6.210066683313740121e+00 5.120755289235379593e+00
4.208849525809210235e+00 4.175179146738454250e+00
5.916611070657508797e+00 3.907375460285061664e+00
6.180868223512903548e+00 4.631982946919992905e+00
4.794742358715446073e+00 8.794019906856558322e+00
7.495807980533449211e+00 4.312553165910301800e+00
4.536443351916165767e+00 4.224391717983886352e+00
6.483022645191166333e+00 5.212897440434793417e+00
5.223994599079915702e+00 4.177170072345447238e+00
3.898072932686007519e+00 4.698749869416586122e+00
5.709384634823671867e+00 3.850703083737454513e+00
4.840765231733723972e+00 4.772217306342139587e+00
2.858076531928959607e+00 7.253561181639666344e+00
5.402615734296614569e+00 5.405763692977521018e+00
4.992778131051712975e+00 4.961644680262917717e+00
4.342273604389171204e+00 5.435048660191416303e+00
4.895873573493207509e+00 5.175011676247714298e+00
4.190286433929530041e+00 5.491824843307438364e+00
4.863567986761324846e+00 4.713259253474120669e+00
6.928813520480179733e+00 3.911970221574799567e+00
4.524048767486755551e+00 4.466089803346084963e+00
5.442154036748659607e+00 4.194650207716135171e+00
2.412078946572398852e+00 4.622092888226805307e+00
7.880245370427090279e-01 7.467483386217466546e+00
6.111447067621005758e+00 3.611761788210887225e+00
3.752800422667641023e+00 6.337234374455945840e+00
5.307160167650734728e+00 4.836355306881820582e+00
7.013171534441758226e+00 4.350679135370929096e+00
2.440976035849580672e+00 6.145724727653526287e+00
4.300507163434900804e+00 5.816113296764184426e+00
4.371432307481311064e+00 4.471953098104640922e+00
4.114856098173593324e+00 4.241402184867105518e+00
4.350108222652510293e+00 5.239251661861091591e+00
3.765517048898830765e+00 6.604428880718224093e+00
4.929427905189625925e+00 4.688759447335618447e+00
3.770439073381363748e+00 6.514771572927131160e+00
6.728033859468391498e+00 4.854788440300021435e+00
3.312252070444444918e+00 4.848926793069363583e+00
4.864612451438117269e+00 3.492224029554942710e+00
5.867238673547829464e+00 1.908347218673086765e+00
6.555424912976612006e+00 4.162706927049407923e+00
1.931042443547112519e+00 6.442510660261170585e+00
6.471332393025475582e+00 5.846872581660264245e+00
5.279902482488639137e+00 5.555213768678920694e+00
4.799637042670063636e+00 5.027543211462567108e+00
5.503930765637023548e+00 4.912463565996839421e+00
7.161368973652582071e+00 4.113033752368681739e+00
3.631513761065656709e+00 8.171503012557083778e+00
4.294572649451041002e+00 4.601191783906209309e+00
5.374531151445546939e+00 4.996076910420501171e+00
5.269805962892423423e+00 7.270941765640404952e+00
3.267093501023178526e+00 5.151897409727164145e+00
4.705009473633095851e+00 5.235901884918533256e+00
4.017552207070788306e+00 4.960696062257424543e+00
6.339237602413730244e+00 5.352208323915381705e+00
3.110705017338979417e+00 6.613301346323737562e+00
6.390827052539060915e+00 5.249155760759801836e+00
3.908554510899520995e+00 4.816561265726011953e+00
5.164719185557874681e+00 6.064298517205028993e+00
7.780317200262745203e+00 6.539595696017995508e+00
6.858946665662421616e+00 2.849270847102521209e+00
4.278137039053595103e+00 4.173459203526221017e+00
3.122214260839686339e+00 5.094838342463495096e+00
5.457371280386010604e+00 4.097761643779413099e+00
3.897315227837527818e+00 4.350330173207423101e+00
4.270643504905462073e+00 4.225489592489799051e+00
7.335974946489745463e+00 4.762121446628432508e+00
5.969957199251801683e+00 5.672877305560287020e+00
4.569378431215051606e+00 5.317373121460418517e+00
8.102713296088120742e+00 3.286743492933762667e+00
4.751329584304856191e+00 5.969187436950764258e+00
4.271244270838559842e+00 3.668845133621486454e+00
3.600408657197117002e+00 1.267709644806697078e+01
4.770809611098826508e+00 7.057691511609392343e+00
7.705137851111425462e+00 1.032508528102803425e+01
4.983765374960929861e+00 1.441987902380008180e+01
8.700410587406176788e+00 9.700763401916832507e+00
6.237301760088143965e+00 1.331566955418133880e+01
9.419289016845118212e+00 6.984494172204211537e+00
1.010366498668532920e+01 7.037463423580555322e+00
1.086855534040158489e+01 7.830243960039052986e+00
1.394902994199398805e+01 7.517899066571711586e+00
3.606191217306027319e+00 1.234413245211135646e+01
9.076454539011411526e+00 9.330660354770261122e+00
8.329766002613418152e+00 1.034048959293927084e+01
7.921674491081744485e+00 8.138871313987511513e+00
4.156169437487279517e+00 1.210554984157653635e+01
1.081760641035870130e+01 9.300774540526459688e+00
9.468999423212286715e+00 9.615398686035426579e+00
6.250560128067942145e+00 9.664829542436198295e+00
4.349656776024186655e+00 1.338513999157560441e+01
1.040154451081913223e+01 7.325334490317268354e+00
6.918462296388092625e+00 1.103883904535855720e+01
7.380264535178643115e+00 1.194272417607772319e+01
9.073354886586901813e+00 1.118771436274171371e+01
6.252371586753144861e+00 1.010199399080444138e+01
5.902124434879870485e+00 8.177460225122098691e+00
9.331421957522406885e+00 9.649031829764355805e+00
9.956444860340699421e+00 7.130482026116931493e+00
8.554213702388423712e+00 9.294316737536034267e+00
8.995757807633108172e+00 5.450684359164105430e+00
1.019390625696469499e+01 1.366077857405043083e+01
1.150468544693390527e+01 9.119335243037696159e+00
9.829398420685130588e+00 8.989768766246688969e+00
8.957677224784207581e+00 1.023418615482226812e+01
3.687511364441475870e+00 1.022927369960817501e+01
1.035937112234872970e+01 1.175545864212203817e+01
1.084720132683114713e+01 7.815503362630137119e+00
1.002069654836045487e+01 9.449532413340476111e+00
8.158623918256726171e+00 1.024879019815928771e+01
5.092246310177936941e+00 1.041809279583980263e+01
7.045975994138721887e+00 1.158876038729463076e+01
9.795892605875430093e+00 8.192132856348209202e+00
1.103207590753231315e+01 6.704336694983158651e+00
5.893291092229028472e+00 1.402116059573567064e+01
6.248851580869359879e+00 1.039817528950641368e+01
6.773927104771250818e+00 8.152878475714299356e+00
6.877880758948198725e+00 9.362651954573594892e+00
6.928526583153949758e+00 7.708213460725999333e+00
9.426066858761817713e+00 8.695809383045533636e+00
5.656112390860041472e+00 8.750131120307189647e+00
7.409245195418363572e+00 1.317919541622679169e+01
8.580194517464844850e+00 1.001643074327754412e+01
6.925975712761637482e+00 1.102366968121810764e+01
1.065410761778648485e+01 1.263069609776936986e+01
8.435079186921603522e+00 9.394101857611239836e+00
6.215966533677216077e+00 1.035496493803002771e+01
1.057775121651961392e+01 9.487420881024522856e+00
5.734751469721838468e+00 1.219888373261225745e+01
3.635796519171782037e+00 1.217342985128787980e+01
8.235317487441555784e+00 7.306328441914677008e+00
7.126840502172716363e+00 9.615745911309282690e+00
8.922658026138286402e+00 9.601504459969829597e+00
6.281031136635609968e+00 1.135175661627499544e+01
3.638678786630689999e+00 1.024037663666599940e+01
1.044601708974325049e+01 8.764806188025623612e+00
7.772836576317384782e+00 9.960137722366042112e+00
6.229451059913000854e+00 1.229517730886171378e+01
6.295368949569287942e+00 9.579692119720631283e+00
9.206580965502096703e+00 9.583240272965023010e+00
7.767186737467868696e+00 9.624264288755098207e+00
7.640536515802201833e+00 1.189456162698011354e+01
6.202691421986516573e+00 1.209409562767013213e+01
3.784340188707497887e+00 1.266468386389819756e+01
5.681622595573709411e+00 1.042247145743842118e+01
6.114794506087810610e+00 1.018652391534154589e+01
8.869135496523169238e+00 1.064606341185237781e+01
5.855762042723870131e+00 1.327064779407014328e+01
9.564345587456040576e+00 7.645596508332140218e+00
5.438801016613637351e+00 8.387098470137969386e+00
5.731111932271415021e+00 8.890500569199062397e+00
7.374824790581739009e+00 1.089039688384877991e+01
7.215334800555023520e+00 7.510852075358171120e+00
3.704006949691734718e+00 1.214918274162517875e+01
7.663531127038757162e+00 9.926806528541581187e+00
6.655153371245329019e+00 8.972240951989405744e+00
7.208110450594288565e+00 1.179697273512536704e+01
2.546179710853905043e+00 1.199456997928228930e+01
6.681213088430283165e+00 1.317001667503471296e+01
8.728184147638632595e+00 9.283461382081791058e+00
5.682374107119231965e+00 1.122021349046076466e+01
1.027558033669372506e+01 1.014055539959218244e+01
8.713010226694926530e+00 1.013647342742879864e+01
8.698682923258290955e+00 8.139083798863600450e+00
9.629377615287712189e+00 1.122451282788892790e+01
7.198179237735305769e+00 1.090961644187292734e+01
1.240308483383045868e+01 4.424730938341991937e+00
6.360734971967595186e+00 8.567103322225809947e+00
1.204508597978965412e+01 9.514509624032420732e+00
5.984767918973951772e+00 1.163192670442406040e+01
7.814350436169731573e+00 1.104204214209347157e+01
8.361657306814947788e+00 7.183166407074571325e+00
7.878758138382900178e+00 7.662513734520564057e+00
7.061355803149258925e+00 1.322711592245781453e+01
8.708684194431160819e+00 8.141400770313643065e+00
8.854438388219165290e+00 1.092877764696719289e+01
6.917371042183679819e+00 1.156137949295209566e+01
1.068999253777347569e+01 9.621896114472248129e+00
6.865659598661077112e+00 1.034604173940337013e+01
1.001292873678202433e+01 1.077103322842924271e+01
9.621593937574422384e+00 1.079368591131313870e+01
1.064579376892746865e+01 9.357396767956844386e+00
9.057229238803712335e+00 1.292582019397811877e+01
5.630771950545296889e+00 1.156951966082958627e+01
7.879732017461912541e+00 1.117330850487446448e+01
9.428565003456643723e+00 1.155059919838804205e+01
8.414188328762513436e+00 7.621173841086225309e+00
5.673934875159684310e+00 1.013951889890412517e+01
8.408514446016868149e+00 8.226438271444811434e+00
7.738272430103273258e+00 1.199419191702797249e+01
6.376812969338443438e+00 9.938512217051185260e+00
1.243962125967563814e+01 8.103656424940060887e+00
8.920618990487529487e+00 9.813427200758880531e+00
9.392346830793760759e+00 1.075535767069168003e+01
7.640198290075280951e+00 8.384278919933455754e+00
6.658511241349461152e+00 9.600082283589323140e+00
5.378104312221533512e+00 1.260835683785457384e+01
1.078116389069011305e+01 9.637601111930077735e+00
9.414850504056444080e+00 9.482383016588643798e+00
9.287894910365706025e+00 7.652112021309251055e+00
5.174600950113676490e+00 1.088320234306327450e+01
7.925463036779847315e+00 1.025107577705106721e+01
6.010091489728455194e+00 1.444409036026467419e+01
6.681333061366359516e+00 9.115418202004908821e+00
5.348035683638736160e+00 1.054063909505337726e+01
8.487271141190259272e+00 8.002500345552668648e+00
6.812942967047566967e+00 1.125442204796331858e+01
4.479613228542470793e+00 1.235586485475350571e+01
8.520381622203480276e+00 1.081581759583828983e+01
9.325022042121329235e+00 7.124107546048046302e+00
8.174006132157151328e+00 8.624617060759316445e+00
5.934052647198477359e+00 1.107729000433594635e+01
6.875363327852136663e+00 8.032954425641882779e+00
6.565840590565268364e+00 1.304325963401484678e+01
8.305149716485610512e+00 9.536235935604741698e+00
9.118840323184738139e+00 7.576364722416550457e+00
9.306187965576723897e+00 1.165249266347929691e+01
1.124650785461062164e+01 8.693866250656679284e+00
8.756589325654051237e+00 1.036614406647183806e+01
5.412335420652295781e+00 1.373049783808468405e+01
4.438362979126026175e+00 9.442020191292767706e+00
6.843015100282986651e+00 8.590500007274139094e+00
1.104503281000414816e+01 7.639887417103574663e+00
6.816965020081565463e+00 1.177587920559772172e+01
7.818750125570609555e+00 9.089829825621944082e+00
8.833050179305367067e+00 1.016811907246671076e+01
7.193118785204525523e+00 1.109547578453006267e+01
8.049062423295591628e+00 1.227105963014685841e+01
1.094376051358861979e+01 8.167474764319649694e+00
8.032589405514391601e+00 1.060815281796688581e+01
9.988627196216716797e+00 8.950180518386162021e+00
6.241186704208200098e+00 8.822373883583257026e+00
7.066565145025837325e+00 8.884430931657455233e+00
8.396164640134587742e+00 1.098210114195409659e+01
1.078824462952178642e+01 1.205757211920551164e+01
1.268539743297514377e+01 5.316356995654964557e+00
6.797927109951662494e+00 9.415771164789632053e+00
8.325240887871336426e+00 6.763932569024829533e+00
4.177872332929210231e+00 1.248346191872590971e+01
7.756246460066027915e+00 9.943026288144164226e+00
5.598173741538097659e+00 1.273282110472305462e+01
7.118171882704636744e+00 1.328806289656383299e+01
7.624111694643483261e+00 1.094185296022364717e+01
5.494814057737546165e+00 1.151537583500221018e+01
8.630558703470716964e+00 8.957276579397944971e+00
9.550519327165851280e+00 1.136183799432498986e+01
9.483684308762834192e+00 8.130817882442654465e+00
1.162121682061768091e+01 9.418787412941492576e+00
7.924689155014756459e+00 1.138194380764755564e+01
6.436216374464939882e+00 9.810765171239248517e+00
6.994807696246971851e+00 9.184383107746141306e+00
3.865592108944459149e+00 1.094683140628423601e+01
7.929896796084956456e+00 1.119581536393384091e+01
7.525513039417806027e+00 1.067571562893306947e+01
7.340506640216080569e+00 9.941602500381607754e+00
4.359238012990299893e+00 1.239033092133943725e+01
7.667363387743853842e+00 1.207164619574296793e+01
6.019352368158694233e+00 1.361722496823324491e+01
3.887494769734780142e+00 1.024185425858798126e+01
1.049889069856946477e+01 7.271279217827637531e+00
1.036520049566458646e+01 6.791776067031844555e+00
5.421192163008457854e+00 1.206516581680194378e+01
8.884196565901310905e+00 9.982633387211777176e+00
7.490375476606898175e+00 1.137504759591756276e+01
7.172886392565740898e+00 9.931076238912876164e+00
8.523132047884777407e+00 1.274164590661776941e+01
1.072262428304691539e+01 8.597527098806423851e+00
9.214330734762564035e+00 6.995317725226231076e+00
8.959397327235251396e+00 9.447445307167669171e+00
7.886616208373310677e+00 1.032003193591013002e+01
7.501739020783370293e+00 9.941370231521919010e+00
7.592193161358150810e+00 8.365254243756032437e+00
6.638017750466284284e+00 1.224274417473670695e+01
7.067455099237299976e+00 1.116602521704756867e+01
5.376420735411128859e+00 9.371172019722985524e+00
9.354142692522859903e+00 7.990102719921060803e+00
6.974952073703899913e+00 8.716435800580763171e+00
5.651935883176293807e+00 1.238580468382328270e+01
6.958625605314809448e+00 1.039398642225345881e+01
8.561515532524838434e+00 1.170919368310933173e+01
9.482198767531626160e+00 1.065003559517307785e+01
1.067041410660660183e+01 7.736690772189335874e+00
9.263508755716873821e+00 9.802648703874291769e+00
7.557920226203351355e+00 1.079772181439322054e+01
8.712645505505717480e+00 8.320825595088466642e+00
7.530751218671626113e+00 1.354203648923204106e+01
1.136556346072132762e+01 7.599780218412151456e+00
9.808392232932247268e+00 7.976122960341692547e+00
1.250297656392821111e+01 8.777767784811633334e+00
7.847876751821804220e+00 9.537657411658116757e+00
7.801329397627962514e+00 9.581391706220276916e+00
7.463322818671465519e+00 1.109602739352627054e+01
5.386744798561585057e+00 1.067429493398614326e+01
8.671793477109604353e+00 8.777935864168345148e+00
9.099170693505456597e+00 8.489526725997427192e+00
1.071138793267433442e+01 1.074740669847192898e+01
1.070696858477825053e+01 7.321897208491231268e+00
6.055807410197560969e+00 1.172368926369323106e+01
6.669303479349530051e+00 1.103426012545266843e+01
8.701905030126402707e+00 9.337776619052661431e+00
8.704969486678518109e+00 1.153667712949415680e+01
8.184487816465718879e+00 1.007524694733695014e+01
8.607110358361268254e+00 9.774024528803808565e+00
7.890018068462082645e+00 1.102419329104423440e+01
6.714127261419901238e+00 1.388819863599081650e+01
1.228555304579150409e+01 5.377665499524808546e+00
8.707565019329642553e+00 1.118798638203449514e+01
9.452638201184303313e+00 9.338849975759959676e+00
7.729565833210081394e+00 1.136693363852304728e+01
6.966038808940790084e+00 1.095456931640624454e+01
5.308844286587062200e+00 1.184779740856318675e+01
7.410455054098987304e+00 1.154436324059079766e+01
6.494662911582688380e+00 9.698599545858138882e+00
4.843159653502349116e+00 1.266758998064162256e+01
1.138284212628680692e+01 7.641856958500863328e+00
3.082398065575787882e+00 1.229344088631396481e+01
1.183273439935426197e+01 8.241811113149422496e+00
8.964950998362693824e+00 9.063967245625752511e+00
5.764239387500840195e+00 1.217514622740820940e+01
7.610101451380507420e+00 8.809077785465690980e+00
6.915528094315783747e+00 1.176300768988047629e+01
7.897678705257235698e+00 9.469457517964658066e+00
1.000229571941728857e+01 1.033992429748537667e+01
8.987623249571482731e+00 7.873959897416504816e+00
8.897819646094887958e+00 8.120713933379098748e+00
1.054234201853706487e+01 9.744088687996233844e+00
9.163709035774774136e+00 9.087340142862416315e+00
6.997834928193950255e+00 1.167828574014926701e+01
5.418892511420506430e+00 1.167092715694950833e+01
5.733999592541151102e+00 9.152382844848867549e+00
7.611294379299875068e+00 1.165914837969938134e+01
7.123913562270058897e+00 1.183857930029689953e+01
1.232789990536877767e+01 6.619043712794456802e+00
4.017336053342698499e+00 1.084706527957869859e+01
7.535121366311878788e+00 7.674565161268950497e+00
1.052897371299663831e+01 7.479457155178240058e+00
6.552018823085775878e+00 1.002694219884769922e+01
7.911693304011527594e+00 9.893401273401252638e+00
2.331601271143931342e+00 1.193840006037590662e+01
9.450227541260630915e+00 1.091944259245452820e+01
8.310255330461311374e+00 1.052963924374091853e+01
5.105724376094755712e+00 1.014571039136666109e+01
3.665144439670670273e+00 1.194439036942235610e+01
1.251061978461789792e+01 6.042976202090098781e+00
7.602910976128147702e+00 1.049394077040077100e+01
9.147518513218159342e+00 8.592649297640482686e+00
3.401557056215811059e+00 1.393209394460789774e+01
8.416577567968966278e+00 9.927032168939199153e+00
8.521452326855380122e+00 1.011680224898787017e+01
7.044308647197818019e+00 1.102247413295392064e+01
8.428502834555999357e+00 7.297869461315023898e+00
6.788062119195616084e+00 8.229862782457505688e+00
6.455959123383740561e+00 1.160705177669068355e+01
7.617810584429827614e+00 8.356964818984383925e+00
7.245323435425554237e+00 1.288753477367047395e+01
1.083992000508436959e+01 9.572809034820872753e+00
9.778348318513518933e+00 9.122712924724076800e+00
1.005029258143689574e+01 7.846852650247381433e+00
8.697805806283859908e+00 1.041802790826891822e+01
7.870251268393696265e+00 1.079991316579627991e+01
4.269084143353451211e+00 1.174455676667869319e+01
6.913786061733277144e+00 1.262626199079495137e+01
1.002900932941322942e+01 1.063004144317939570e+01
7.974919960224915449e+00 9.271134248936885314e+00
9.597433266104244964e+00 8.053564470295576427e+00
8.343425230691366323e+00 9.839681599620242025e+00
1.113088482657326495e+01 7.679936976563711326e+00
3.403922869707153076e+00 1.183890756420180779e+01
8.818366477935978054e+00 9.348807936954949938e+00
7.349167588988560595e+00 9.422622031050346791e+00
1.029041970118568017e+01 1.035823399067473183e+01
8.866619976309895179e+00 1.064333894660707536e+01
7.597565843056056423e+00 9.685115980055931217e+00
1.145174367430086093e+01 9.154813309627352069e+00
6.399904032872680837e+00 1.071526099939593912e+01
3.847125514780097788e+00 9.315056723220102697e+00
6.080082771992802115e+00 9.527512988700133079e+00
8.705196808682227783e+00 9.017726870464011668e+00
5.981966788008707958e+00 1.302614155127071172e+01
7.398990189054900135e+00 1.024414997191916576e+01
8.915230838467136820e+00 1.003425364540714249e+01
8.721104227843820667e+00 8.889319292982630571e+00
1.136400616325770763e+01 8.057031461385639304e+00
5.828309082544210540e+00 9.777773127240704909e+00
9.263079667907035741e+00 1.249484204821031241e+01
8.903928472659380589e+00 9.986762600995394479e+00
9.125665594461249697e+00 9.280490541928358539e+00
8.789543662868020135e+00 7.307366163801700232e+00
1.298838149792083385e+01 9.100097848170159764e+00
6.406766379203693518e+00 8.897051838514576261e+00
6.978897229656775281e+00 1.155319847714981130e+01
1.395652978924184140e+01 9.528553701916649743e+00
1.108056309414565810e+01 7.024321511388723849e+00
9.445918397098727937e+00 1.036998428585945931e+01
3.431115667271050995e+00 1.336727174564656018e+01
6.131919792019700388e+00 9.363745273199596042e+00
8.711237215010966040e+00 8.612453216965501923e+00
9.346354413142261564e+00 8.742312248134082253e+00
8.992852020395064372e+00 1.006705615529195796e+01
6.660311211361209516e+00 1.047643124359004929e+01
6.745100309384605808e+00 7.415056864723309715e+00
1.009844343921266940e+01 9.546141278342654246e+00
9.169741090420531648e+00 7.991675502017315580e+00
1.156310477279387428e+01 7.915760462987566193e+00
6.928884812901229928e+00 1.078107607129352630e+01
5.160534064624503259e+00 1.017248409413964616e+01
3.118188258468713059e+00 1.143785395698398233e+01
6.772104955636685908e+00 1.077409164021953281e+01
6.222680187491295811e+00 1.102928972971744770e+01
1.194543461381443450e+01 6.575258584998475264e+00
7.425655256286694872e+00 9.069723163900409446e+00
6.123360734546842821e+00 9.111778963037894030e+00
8.346366195730771764e+00 8.856709229173084452e+00
9.136380293289096954e+00 1.082469623526277225e+01
7.000207040696619920e+00 1.063472601930992489e+01
7.224100624466396781e+00 9.388373232080216013e+00
9.106755003464032328e+00 9.790331672590872003e+00
1.040991426559701871e+01 8.388532434684190520e+00
7.513749770999186950e+00 1.380063672367565886e+01
1.190850478172353455e+01 1.090751717519534658e+01
1.310977431125085424e+01 5.638776035147692767e+00
7.014942569487768509e+00 1.023293262807936799e+01
4.808304666228844226e+00 1.283899922901254520e+01
3.769790475379251049e+00 1.019070960583456120e+01
8.409541902879398734e+00 7.852660709389509108e+00
7.615008661738804641e+00 7.199516920211214810e+00
9.176072154154073957e+00 1.063505448478468729e+01
1.164013619806469535e+01 7.833019864275964750e+00
8.103099238783231684e+00 1.001192562543638509e+01
5.727746501253222711e+00 1.087705532440869050e+01
7.628741943356710742e+00 8.177100738470359786e+00
9.583617444014853604e+00 1.030777247609272784e+01
7.565600610369004997e+00 9.158930162731042657e+00
6.159691024823963801e+00 8.288274873567203826e+00
8.321498102542371100e+00 7.537083493821354452e+00
3.823181807522639808e+00 1.107657548179501994e+01
1.029437087019055674e+01 9.606682920714282758e+00
5.832301556666823927e+00 1.031062911020691608e+01
5.014830608637825371e+00 1.140080077445247220e+01
1.225461570250907783e+01 9.711222880466118923e+00
5.979824523103256517e+00 1.058699669478399485e+01
8.073900476032880746e+00 9.255440020522319955e+00
8.877264590312588410e+00 9.901057850127426008e+00
1.090282558403759694e+01 9.277744911667488381e+00
5.584124447429239524e+00 9.374076962814674729e+00
8.272275530644375152e+00 8.038156439323730140e+00
9.007520190050088971e+00 1.116919165835053462e+01
8.176638624608299821e+00 9.436652909155098357e+00
8.274059770663461322e+00 7.914944168485209985e+00
6.219080837690599495e+00 1.159200942409933432e+01
7.756646940149765967e+00 6.994948284931393090e+00
6.609547868140358773e+00 1.109038957576804307e+01
6.335373187551388341e+00 1.262519478128776917e+01
1.087478591782934600e+01 6.964751256660057344e+00
5.798934100822364712e+00 1.123796306198591388e+01
6.154728222589200826e+00 1.151779988265337096e+01
9.964334826901763975e+00 1.035207773258538921e+01
7.373176392286119096e+00 1.143800700948709093e+01
6.975305677527776638e+00 1.061052194067728394e+01
5.958772280063544535e+00 8.707039774919238084e+00
5.705872118010606009e+00 9.181708265071280906e+00
7.601325477435254108e+00 9.081657055038153459e+00
5.871153362984053992e+00 9.249845879666768411e+00
1.091581198346302983e+01 9.289978426904220044e+00
1.011507467946248795e+01 9.719453919193457025e+00
5.137413935500081408e+00 1.178331758251481531e+01
8.051109594096624633e+00 8.990815947243651962e+00
5.378844887214846437e+00 9.038527892918640561e+00
5.244449679962133182e+00 1.177670450202408325e+01
9.673056333923383932e+00 9.600674257969567194e+00
6.949667047709580103e+00 8.403974794340706822e+00
4.593973096818424473e+00 1.272426286621093716e+01
1.004686655377409465e+01 9.289238676296882602e+00
8.921670647891788875e+00 7.877294872994601960e+00
9.505809979508205387e+00 8.301273280231363572e+00
6.437367958314078820e+00 1.201181242380959979e+01
7.642282148590502366e+00 1.010505377350841627e+01
1.005040255932844673e+01 1.040872718785568019e+01
8.012276024905574445e+00 8.315035642121308967e+00
5.175105151231151446e+00 9.451535627511431059e+00
5.344856445276049861e+00 1.215327835068657336e+01
1.111460553026722131e+01 1.105714407575599445e+01
7.387436633427243216e+00 1.141785500568547640e+01
5.832552672044148068e+00 8.639629073013651350e+00
9.576407451519511227e+00 9.464598945018517284e+00
6.738363462944778171e+00 7.633257925047848502e+00
1.114098300930742802e+01 7.516120334089412935e+00
1.085341246772066448e+01 8.570664009048892140e+00
6.773446279512793211e+00 1.018237212310138595e+01
9.452141540763156158e+00 1.054839220738725913e+01
7.858834252275613608e+00 9.167361399381805498e+00
7.461205303350121554e+00 1.017563809235438121e+01
7.764170088140981640e+00 1.065513483383754334e+01
1.036933197884805580e+01 9.029815061902930040e+00
8.164233269632093837e+00 8.206375164333277183e+00
6.712211972216091560e+00 9.891655633561624583e+00
6.299242783617470920e+00 1.184011360186697992e+01
8.588386011672161757e+00 7.810893181845028010e+00
9.725532934038447763e+00 1.143188669942898805e+01
5.328992015234668145e+00 9.063674883456309672e+00
5.546524664125382031e+00 1.062220326498599121e+01
3.410231887427698894e+00 1.352961135567831263e+01
7.837704531349060311e+00 7.572555325036395502e+00
7.126359799136020357e+00 1.217236900255443111e+01
1.125364508400835284e+01 1.084243894868488134e+01
9.750519050403843480e+00 1.004528108864834657e+01
1.061824790844536892e+01 7.368997450407157146e+00
5.521166480828670231e+00 1.230006398928362010e+01
9.249776151824482540e+00 1.120728308186465050e+01
7.084652434118638986e+00 1.111454865467756292e+01
1.057340034289291353e+01 7.764096001040089234e+00
9.397122162109933896e+00 7.644210149258777065e+00
1.087335649265312654e+01 9.177284316828581368e+00
8.624328301740685987e+00 1.220771541884978895e+01
8.165180379967475588e+00 1.124214009153980065e+01
7.592387562919022059e+00 9.672630004790784497e+00
8.016480677581672154e+00 7.823430892525449210e+00
8.238550859612750799e+00 1.295069508557104321e+01
4.284232327024006359e+00 1.001879517776234607e+01
7.709452250102435400e+00 1.104660841317270581e+01
8.132559662493804353e+00 6.973481816297299574e+00
8.827878358190679009e+00 9.930215469555122354e+00
5.991748339087428654e+00 1.029841682521372270e+01
9.896813333154097947e+00 1.156688698861412057e+01
6.393406866572192371e+00 1.139900607138761757e+01
8.107995896842343342e+00 9.491522120257876338e+00
6.594451103742796860e+00 9.627139141273516998e+00
7.986893783328469887e+00 1.211581807242633957e+01
9.942208768520519158e+00 9.743182122229114839e+00
1.030464736282120874e+01 8.702058901685106207e+00
7.108000153789272524e+00 8.805154602531031216e+00
8.216195353551317027e+00 1.077990187461410798e+01
5.790213223217539174e+00 1.196867269824212876e+01
8.423452086114064485e+00 1.245429912290270735e+01
7.308445314774893120e+00 9.139679541387385697e+00
8.465039145097010831e+00 1.009607986003459779e+01
1.025751356515097612e+01 9.619494198254866291e+00
2.624917325051066008e+00 1.174489895581954890e+01
4.093071783855607215e+00 1.213746882856132459e+01
9.979275815102012004e+00 1.085316823834573974e+01
3.011244296087707717e+00 1.154372949347132149e+01
6.586574848529709314e+00 1.009885355909848137e+01
1.053449918952440534e+01 9.914157982518059242e+00
7.644314352920828171e+00 1.015061664236738004e+01
5.275686510097309601e+00 1.105514023428207437e+01
9.109111012147161901e+00 1.086698597502815034e+01
9.073874639258544761e+00 1.266235255274995453e+01
9.446116563772282149e+00 9.817128321989631701e+00
4.059069563477522458e+00 1.079577856345484044e+01
1.213588070511320538e+01 5.435271393693593467e+00
7.272303688491700058e+00 1.060435172475168919e+01
5.227382755869815156e+00 1.005484494483859770e+01
8.702919921670066117e+00 9.236972490007319792e+00
9.041668730162363943e+00 9.675822669240387697e+00
5.686909297763955706e+00 1.038430339359607402e+01
5.854849143805017420e+00 1.140799313839187334e+01
4.344213159152316095e+00 9.914640031411062537e+00
7.551170013694431304e+00 1.098896612320655386e+01
5.997932792983583283e+00 9.258892771211694850e+00
8.617227346735889526e+00 7.580908610272567572e+00
6.398908998173274298e+00 1.145816475701848880e+01
4.621167442096734135e+00 1.003592614429654617e+01
7.487372941122469427e+00 1.154775595057298432e+01
6.899602392287771835e+00 1.157684785868531208e+01
5.682626826515656759e+00 1.004488635703600075e+01
7.386164005692813284e+00 1.248940340309808050e+01
1.104722161536322744e+01 9.836546444352707752e+00
9.154496071417465686e+00 1.116863677537233990e+01
7.440681942419486994e+00 1.155766093653909721e+01
1.062660899292982108e+01 9.439689415100373182e+00
7.342673086607955923e+00 9.083061587546730209e+00
8.747012474553484296e+00 9.912201593523850107e+00
1.068878038659629404e+01 7.751207111335380873e+00
1.184668232163378931e+01 8.327227528607387796e+00
7.006301109079606348e+00 1.105085156940921820e+01
1.007763546890290485e+01 1.202570920242785668e+01
7.622535403995191139e+00 1.317275805700400149e+01
4.473301066093625877e+00 1.014452769482983996e+01
5.910387218085417338e+00 1.057444597105994433e+01
9.453536319403713861e+00 6.691105912118620935e+00
7.347411417936521083e+00 1.178517133522099591e+01
8.800363337355326721e+00 6.307580849349456287e+00
8.983635264375820384e+00 1.162949520313995322e+01
6.299271204631780918e+00 8.617916487842890660e+00
7.983579179450091878e+00 9.524222729714324487e+00
9.030477670506176224e+00 1.130858059432041429e+01
8.032744068595121689e+00 9.398088021286305604e+00
5.135586663692711440e+00 1.197726281014085004e+01
6.896794486572953353e+00 1.214320558011389650e+01
8.340984322511356908e+00 8.105376479892353103e+00
3.712441588272390014e+00 1.252106625842720078e+01
7.955142440062765274e+00 1.232014125092211287e+01
4.244708414552592401e+00 1.262894965724611929e+01
9.265356519832401716e+00 8.665187993491135998e+00
8.823024309308674873e+00 7.086046588540456881e+00
5.882873220723968899e+00 8.594820448736054885e+00
8.035012777900579550e+00 1.170900116771986177e+01
7.654635625670372256e+00 9.833330569035997115e+00
1.060430634739171296e+01 7.734670386470454240e+00
9.910026763135887151e+00 1.070930869556673137e+01
4.992410128765166988e+00 1.293923289860869197e+01
5.773789124608073919e+00 1.304134126729938892e+01
4.106968533144300437e+00 1.077598427301322381e+01
1.181803594695391624e+01 6.645237334268902174e+00
6.211186504669229613e+00 1.211979124680666864e+01
9.050711755394118541e+00 7.977641940112234487e+00
8.087300393676452259e+00 9.612973487298768660e+00
7.631009638297931552e+00 1.079644029302664343e+01
1.125301808154305938e+01 7.881440119984040926e+00
4.378837402695269887e+00 1.011539366932496797e+01
5.878309315505617860e+00 1.002517290811900885e+01
7.774572140135161291e+00 1.013054562681536908e+01
9.071670870214177285e+00 9.542659187773178786e+00
1.054687441305456730e+01 1.112910116796997251e+01
6.446373059926155058e+00 1.171655149367487070e+01
8.489797730486376537e+00 1.092387033191270262e+01
4.659038489267275374e+00 1.019689765550302241e+01
1.103475108429477558e+01 9.233844495161140031e+00
8.766924323885580961e+00 8.657730481028378833e+00
6.897277158204252245e+00 1.045428038957401817e+01
7.767757640158782451e+00 1.016500289445645144e+01
6.449655237583432843e+00 1.030685495733747459e+01
7.225528384542487359e+00 9.982233673438623001e+00
5.914075569361649798e+00 1.081829271536673076e+01
4.699364461841309293e+00 9.978259887983121246e+00
8.199634403405619665e+00 1.090450831408617560e+01
8.982044991947869761e+00 8.515126862082594172e+00
8.788469413018702880e+00 9.622754620959975469e+00
4.098206776426927433e+00 1.203530505956309327e+01
5.018338798746544427e+00 9.462611564670527997e+00
1.024873950536571598e+01 1.134744628335819527e+01
5.997866544961691027e+00 1.101143531200338721e+01
5.767383426187489448e+00 6.816778473549691242e+00
9.363797351057835172e+00 1.368157916428874366e+01
7.623744519930982122e+00 1.080822458866769864e+01
1.095611748863044710e+01 7.770009155696653735e+00
6.460934347085264484e+00 1.080347227548680245e+01
1.288557050066000897e+01 5.684946039940091289e+00
9.041111247239271620e+00 9.337825271010844475e+00
5.591893206860609311e+00 1.147279814080847338e+01
9.114262721433426861e+00 1.048468304140418361e+01
7.550860630423708031e+00 8.030018090355959259e+00
9.372658754393899727e+00 8.375848089825332465e+00
5.744094658299033540e+00 8.556929223638057636e+00
9.832109439329954625e+00 7.635584665565353646e+00
8.832956998335202314e+00 7.955054938493444361e+00
5.390070340009966543e+00 1.302323237394642597e+01
7.464569460400860557e+00 1.129591203135840516e+01
5.947291109526581465e+00 1.090079038754344154e+01
8.426467071944834686e+00 1.223558516085994796e+01
8.558015582410595457e+00 7.784097812742756695e+00
6.062122295616857670e+00 1.117777789296496849e+01
5.208694237574455599e+00 1.046818496015642097e+01
6.312529138717103194e+00 1.116418145456062128e+01
8.828986955614320564e+00 1.084613448321705675e+01
7.531396343561057805e+00 9.066434690091075055e+00
7.315580453166857566e+00 9.905435265262536149e+00
9.720316749556257463e+00 1.122540619537366879e+01
7.996918307154106564e+00 8.414569764282266107e+00
8.885886469938824916e+00 9.310064140098756269e+00
1.121209018462840845e+01 8.131221084947073408e+00
4.487645550811986794e+00 1.028639110433239345e+01
6.699222112969000165e+00 1.111831988240401792e+01
8.255053907220107234e+00 1.205386137815878911e+01
6.816693611938884345e+00 9.931728455817919965e+00
9.456339687949709472e+00 9.387684416834181533e+00
9.038399793704840590e+00 1.012104243398994186e+01
5.625316613537398425e+00 1.103742644446171006e+01
9.276861242661842866e+00 9.569403974647510580e+00
9.743734532677784443e+00 7.741468376602901103e+00
6.437098048308224740e+00 1.100945248663938969e+01
1.025392134407222500e+01 1.043387769147823363e+01
1.037235123399670478e+01 1.060989971416971756e+01
5.742685005493656014e+00 1.020565665171261038e+01
8.089868660571514880e+00 6.354542412670696194e+00
6.055322178507886122e+00 1.273172026102372989e+01
1.182778103838230876e+01 8.795425547511760200e+00
6.977061825525028738e+00 1.240400343352418133e+01
7.525865637013389176e+00 9.387180815465660189e+00
4.670449228547191467e+00 1.225369091894552653e+01
5.063268097309063798e+00 1.242721681585795324e+01
7.738122239988123319e+00 8.397701339971014534e+00
7.250661828597523062e+00 1.120782526151652903e+01
1.273824671932548114e+01 8.733444458359405971e+00
9.534048687588057902e+00 8.608073103617089217e+00
9.395773747295546485e+00 8.599231914631053186e+00
9.124669597781080554e+00 8.383503915080545710e+00
7.035306941480524046e+00 1.149971928950848898e+01
7.108339640123105596e+00 1.093847723036156872e+01
1.046776180127103828e+01 1.175647660143679119e+01
4.830304074961923710e+00 1.158225311961302317e+01
6.324611535876695001e+00 1.000102996723686744e+01
4.209844176569273344e+00 1.335327618187352527e+01
1.461844304663965488e+01 7.874354333367378445e+00
6.506046281569320300e+00 1.192059153275889294e+01
4.934121494330285351e+00 1.097770061859089807e+01
8.612120833775426476e+00 7.841788551843015043e+00
5.739411281672877507e+00 1.206432215929902441e+01
1.083521127342055301e+01 8.494534190952977681e+00
5.499405350470750520e+00 1.072187292594219166e+01
5.949038521332853158e+00 8.644003223632529043e+00
1.044180244788204526e+01 9.995435118742856062e+00
5.207975693584681487e+00 1.030252730573210762e+01
1.118087010769825262e+01 1.019345570180175109e+01
8.508182570912502740e+00 8.521125330652806085e+00
9.300335281507667418e+00 9.984199309238494635e+00
1.003113225212761250e+01 1.079545561725073988e+01
7.168021611029827156e+00 8.738247919088493632e+00
9.282078683544515485e+00 7.562981626815073355e+00
1.220024585645906967e+01 6.291781369985489647e+00
8.544534334843053358e+00 9.416904943739858425e+00
4.356159038334000755e+00 8.147006359628905514e+00
1.059722253368250655e+01 1.257209092428688280e+01
1.081407882108173801e+01 7.643111603180852143e+00
7.739826793245878633e+00 1.021563003758283550e+01
7.343170005784558363e+00 8.545973545084258660e+00
8.134894511666241002e+00 1.012183048924388018e+01
1.034959427845581104e+01 9.214108777433523301e+00
7.957506614739051187e+00 1.084917362433988153e+01
8.214258501277074132e+00 1.162175989634971707e+01
6.291479271986351485e+00 1.085664078423081413e+01
6.974241329734536698e+00 8.410248894047613888e+00
8.141270722044943398e+00 1.029414859997609710e+01
3.817769007055970221e+00 1.034608012823136391e+01
1.220108798967288877e+01 8.612092042460352204e+00
6.712594257442551893e+00 1.049052070149786786e+01
9.317972817375402173e+00 8.972282478428864394e+00
8.874632501924880401e+00 9.510420970940828056e+00
6.726214716428296825e+00 1.130771138600277403e+01
6.079730666837193098e+00 1.216150054662672275e+01
8.121646701671039636e+00 1.050865117241372637e+01
7.213024205117516630e+00 1.062519653550624632e+01
9.003122622062443625e+00 9.297566244136209690e+00
7.536453203216185059e+00 1.052320840106732902e+01
9.384817020779490093e+00 7.028165986412266086e+00
4.563631751293362626e+00 9.997886515879271130e+00
9.587741295672023156e+00 9.138835343816582579e+00
1.107377180723453591e+01 7.174507409570734850e+00
7.432329587645876146e+00 9.802304445669314248e+00
7.059925850148388804e+00 1.016105838562633501e+01
4.864089428658342484e+00 1.054422516146665600e+01
1.066550083300441365e+01 9.891950396529418654e+00
8.255816364895700588e+00 8.730641141867188537e+00
6.314506161442296595e+00 9.372817276799313646e+00
9.334831909412960371e+00 1.240280959910101544e+01
8.034002954633404414e+00 1.055054732076714963e+01
8.739542038126170809e+00 8.269689059898785999e+00
9.322383748114285495e+00 1.067997990330020563e+01
5.009197814486677558e+00 1.105321160395005009e+01
5.491341242292660851e+00 1.137180720228990793e+01
6.249284025418324617e+00 1.211325509257093636e+01
4.880210335669621813e+00 8.321798058311303592e+00
5.252668634399229930e+00 1.024578559371682118e+01
8.147632394121252730e+00 1.017321068935530448e+01
7.813805071430335758e+00 9.511065918922062323e+00
5.621357139653938795e+00 1.145675687642076745e+01
8.823667176661246003e+00 6.843758003744264684e+00
9.783001842035623952e+00 8.765799801216827447e+00
5.785192733689115130e+00 1.096172770969217503e+01
1.157277007996287921e+01 1.092866953776029959e+01
7.792741449892438332e+00 9.788336191943127318e+00
4.303464981677068479e+00 1.040249632459942397e+01
9.320924634906987194e+00 1.223177224958218012e+01
1.036751707227907815e+01 7.752204069132547559e+00
4.461653112391762654e+00 1.391851282249623623e+01
7.900047365872788774e+00 1.070444760837907161e+01
6.704877107285125426e+00 9.755123334434305349e+00
8.069045139732569538e+00 8.900706686079120189e+00
8.813775394767542792e+00 9.961803621070483672e+00
6.294126359579149010e+00 1.076433048042024687e+01
8.906326046268297603e+00 1.043043587056982346e+01
7.961100492557417141e+00 9.379293609005966204e+00
1.073708327555193165e+01 9.106487580123438619e+00
8.137729044691498714e+00 1.142879676837438652e+01
9.176974733216109570e+00 8.336349526238000962e+00
1.016471457234617404e+01 1.111346841219147663e+01
7.520946979787842324e+00 1.070669246663697827e+01
1.071639642474443477e+01 1.101639046970443125e+01
1.288423933802819121e+01 7.358915230657939510e+00
8.636866882596033079e+00 8.695392442094028951e+00
9.708848353068894710e+00 9.136646183536722532e+00
7.862189659509809303e+00 9.632724007553715495e+00
1.029347124097220778e+01 1.021395560267457547e+01
5.633064895034866737e+00 1.194235292087078548e+01
9.166875977425338107e+00 7.967637668986840893e+00
9.450367675092747888e+00 7.802051962362814841e+00
6.878285853132584116e+00 1.010399069280219742e+01
7.944043160036208917e+00 7.959980188628795972e+00
7.792318263893241337e+00 1.165430852931335615e+01
5.708494736456449559e+00 1.106246475998089451e+01
7.567584132857156476e+00 1.073118959697827535e+01
6.391627752770136617e+00 1.067598325831058936e+01
1.207972607057546099e+01 8.602620072929516581e+00
1.301771211829750285e+01 9.577995707932810632e+00
1.063179874038398864e+01 1.034489869117852123e+01
7.202586872180834376e+00 8.757877692420182214e+00
7.006689684056899736e+00 8.589176193480129839e+00
1.048597260750594629e+01 8.043612932665160642e+00
9.662116286446757130e+00 1.027406263739148606e+01
1.288671621207798168e+01 7.171867664644624440e+00
7.675096728816972913e+00 1.409782925390724984e+01
5.692586913809952520e+00 1.310378010485328026e+01
6.566125245817872269e+00 1.199172890131892188e+01
1.058093021596431171e+01 8.412207124408718428e+00
1.000912001074038749e+01 8.569395408120570323e+00
6.838418820217365024e+00 7.983446058333946382e+00
3.388850144629420136e+00 1.094994973869537702e+01
9.173389886462832266e+00 7.810496208800145723e+00
7.881639592117259951e+00 1.069144761586829517e+01
8.267785245663890947e+00 1.241451914857714378e+01
8.011729271464005819e+00 8.904539698404517978e+00
7.863310977542438351e+00 9.017718843831879383e+00
4.672325106209814116e+00 1.415226147356941055e+01
1.144470932043235578e+01 8.522437563899275759e+00
7.513609454527149012e+00 8.840866921110857035e+00
8.805497225510478643e+00 8.626947633138183136e+00
1.148959011416549458e+01 9.699012297172581398e+00
6.213373468639050046e+00 1.191602392887859097e+01
8.465860437588093035e+00 8.473496439582874018e+00
8.911089925542672319e+00 7.132962108271305723e+00
7.538406950423746089e+00 1.021691979481487778e+01
5.606946302232556079e+00 1.168368830170875938e+01
9.995249133502895234e+00 8.461687275065816749e+00
1.073455481102295295e+01 1.031974118644259875e+01
8.616619335204422470e+00 1.011458654550442837e+01
8.780076545232381235e+00 1.075929814077197832e+01
9.000318319043753235e+00 8.932820005468419922e+00
9.544921881484906834e+00 9.106711357658401340e+00
5.494615223905903179e+00 1.022987913818593952e+01
8.313778191284100672e+00 1.001320933114949163e+01
6.081865858450665741e+00 1.312075420767696343e+01
7.582300995602905047e+00 9.062458139344707675e+00
1.078717310715036426e+01 8.523529079971659428e+00
4.857551491440818658e+00 7.939558213634523298e+00
6.928305875778432821e+00 1.107397016037661253e+01
8.784718684571926062e+00 8.670205203317461695e+00
1.144229100098447915e+01 7.771288419847093287e+00
6.290470397439871242e+00 1.002385299816403830e+01
1.270459693361959452e+01 9.309178331988322341e+00
8.541443671937683391e+00 1.022859961294586917e+01
2.950288846048749747e+00 1.354462185370121219e+01
5.862219056135579365e+00 9.084379449662586481e+00
3.269802871548058931e+00 1.354068676789183456e+01
9.766521655167625937e+00 8.477270394822092214e+00
1.071976856265232136e+01 8.790397413248085101e+00
5.774483219552216440e+00 1.374309545382341291e+01
5.223607380372173203e+00 1.237243874488232009e+01
6.792258985220917644e+00 8.834292783829033269e+00
9.576355768535282920e+00 9.021046569586443908e+00
7.623250847992131263e+00 1.138331329471613529e+01
7.851203150707620537e+00 1.046672354754374723e+01
4.972370971404006745e+00 7.737935356921682661e+00
6.767824573193340854e+00 1.248000538840706142e+01
5.771322942991522709e+00 1.027233498586664417e+01
5.628667231355838574e+00 1.226805456430188812e+01
6.891560853756285354e+00 7.679828372635132183e+00
1.153548807438393098e+01 1.009027346860550445e+01
8.384570142607088883e+00 1.127996727660086052e+01
9.664787956747586506e+00 9.109506456687237019e+00
9.003485875934318372e+00 1.259759846983929776e+01
7.031525225494205777e+00 1.149995356007245917e+01
2.651061319258006144e+00 1.202160365411683784e+01
9.526119847584441303e+00 1.045390150079267144e+01
1.030640237909979007e+01 9.746911861808136734e+00
7.394325210046262420e+00 1.037361228652954992e+01
4.886505087088209187e+00 1.055724941796656502e+01
8.015225692505763888e+00 9.751781688566419248e+00
1.029126789438131873e+01 8.619789557707559169e+00
8.612196920629324737e+00 7.169154744063019891e+00
6.755464299859382571e+00 1.045663740669510844e+01
9.623498445977579863e+00 9.382300807654441854e+00
4.952156760045899553e+00 9.117845928296553382e+00
8.182449583331191434e+00 9.901981343028772642e+00
1.195605343173157920e+01 8.595891212502774437e+00
2.656060882705745030e+00 1.334110024354605883e+01
